[38;2;255;255;255m[48;2;24;44;72m⠀⠀⠀⠀⠀⠀⠀[38;2;150;190;225m[48;2;16;22;28m⢣⠀⠀⠀⠀⠀⠀⠀⠀⠀⠀⠀⠀⠀⠀⠀⠀⠀⠀⠀⠀⠀⠀⠀⠀⠀⠀⠀⠀⠀⠀⠀⠀⠀⠀⠀⠀⠀⠀⠀⠀⠀⠀⠀⠀⠀⠀⠀⠀⠀⠀⠀⠀⠀⠀⠀⠀⠀⠀⠀⠀⠀[0m
[38;2;255;255;255m[48;2;24;44;72m⠀⠀⠀⠀⠀⠀⠀⠀[38;2;150;190;225m[48;2;16;22;28m⢣⠀⠀⠀⠀⠀⠀⠀⠀⠀⠀⠀⠀⠀⠀⠀⠀⠀⠀⠀⠀⠀⠀⠀⠀⠀⠀⠀⠀⠀⠀⠀⠀⠀⠀⠀⠀⠀⠀⠀⠀⠀⠀⠀⠀⠀⠀⠀⠀⠀⠀⠀⠀⠀⠀⠀⠀⠀⠀⠀⠀[0m
[38;2;255;255;255m[48;2;24;44;72m⠀⠀⠀⠀⠀⠀⠀⠀⠀[38;2;150;190;225m[48;2;16;22;28m⢣⠀⠀⠀⠀⠀[38;2;255;128;80m⢸[38;2;255;255;255m[48;2;112;36;28m3[38;2;255;128;80m⠉⠉⠉⠉[38;2;255;255;255m3[38;2;255;128;80m⠉⠉⠉⠉[38;2;255;255;255m3[38;2;255;128;80m⠉⠉⢉⣿[38;2;255;255;255m3[38;2;255;128;80m⠉⠉⠉⠉[38;2;255;255;255m3[38;2;255;128;80m⠉⠉⠉⠉[38;2;255;255;255m3[38;2;255;128;80m⠉⠉⠉⠉[38;2;255;255;255m3[38;2;255;128;80m⠉⠉⠉⠉[38;2;255;255;255m3[38;2;255;128;80m⠉[48;2;16;22;28m⡇⠀⠀⠀⠀⠀⠀⠀⠀⠀⠀⠀⠀⠀⠀⠀[0m
[38;2;255;255;255m[48;2;24;44;72m⠀⠀⠀⠀⠀⠀⠀⠀⠀⠀[38;2;150;190;225m[48;2;16;22;28m⢣⠀⠀⠀⠀⠀[38;2;255;128;80m⠈[48;2;112;36;28m⡲⢀[38;2;255;255;255m3[38;2;255;128;80m⡀⠀⠀⣧⠀⠀⠀⢀⣀[48;2;16;22;28m3[48;2;112;36;28m⡷⣤⠴⠀⠀⠀⠀⠀⠀⠀⠀⠀⠀⠀⠀⠀⠀⠀⠀⠀⠀⠀⠀[48;2;16;22;28m⡇⠀⠀⠀⠀⠀⠀⠀⠀⠀⠀⠀⠀⠀⠀⠀[0m
[38;2;255;255;255m[48;2;24;44;72m⠀⠀⠀⠀⠀⠀⠀⠀⠀⠀⠀[38;2;150;190;225m[48;2;16;22;28m⢣⠀⠀⠀⠀⠀[38;2;255;128;80m3⠉⠙[48;2;112;36;28m⠶⣄[38;2;255;255;255m3[38;2;255;128;80m[48;2;16;22;28m⡫⠛⠓⣮[38;2;255;255;255m[48;2;112;36;28m3[38;2;255;128;80m⠤⠔⠁⠀⠀⠀⠀⠀⠀⠀⠀⠀⠀⠀⠀⠀⠀⠀⠀⠀⠀⠀⠀⠀⠀[48;2;16;22;28m⡇⠀⠀⠀⠀⠀⠀⠀⠀⠀⠀⠀⠀⠀⠀⠀[0m
[38;2;255;255;255m[48;2;24;44;72m⠀⠀⠀⠀⠀⠀⠀⠀⠀⠀⠀⠀[38;2;150;190;225m[48;2;16;22;28m⢣⠀⠀⠀⠀⠀⠀⠀⠀⠀[38;2;255;128;80m⠈⠀[38;2;255;255;255m[48;2;112;36;28m⢴3[38;2;255;128;80m⠋[38;2;255;255;255mHome⠀⠀⠀⠀⠀⠀⠀⠀⠀⠀⠀⠀⠀⠀⠀⠀⠀⠀⠀⠀⠀⠀[38;2;255;128;80m[48;2;16;22;28m⡇⠀⠀⠀⠀⠀⠀⠀⠀⠀⠀⠀⠀⠀⠀⠀[0m
[38;2;255;255;255m[48;2;24;44;72m⠀⠀⠀⠀⠀⠀⠀⠀⠀⠀⠀⠀⠀[38;2;150;190;225m⢣[48;2;16;22;28m⠀⠀⠀⠀⠀⠀⠀⠀⠀⠀[38;2;255;128;80m⠘[48;2;112;36;28m⠢⢼⠥⠀⠀⠀⠀⠀⠀⠀⠀⠀⠀⠀⠀⠀⠀⠀⠀⠀⠀⠀⠀⠀⠀⠀⠀⢸[48;2;16;22;28m3⠀⠀⠀⠀⠀⠀⠀⠀⠀⠀⠀⠀⠀⠀⠀[0m
[38;2;255;255;255m[48;2;24;44;72m⠀⠀⠀⠀⠀⠀⠀⠀⠀⠀⠀⠀⠀⠀[38;2;150;190;225m⢣[48;2;16;22;28m⠀⠀⠀⠀⠀⠀⠀⠀⠀⠀⠀[38;2;255;255;255m[48;2;112;36;28m3[38;2;255;128;80m⠄⠀⠀⠀⠀⠀⠀⠀⠀⠀⠀⠀⠀⠀⠀⠀⠀⠀⠀⠀⠀⠀⠀⠀⠀⢸[48;2;16;22;28m⠀⠀⠀⠀⠀⠀⠀⠀⠀⠀⠀⠀⠀⠀⠀⠀[0m
[38;2;255;255;255m[48;2;24;44;72m⠀⠀⠀⠀⠀⠀⠀⠀⠀⠀⠀⠀⠀⠀⠀[38;2;150;190;225m⢣[48;2;16;22;28m⠀⠀⠀⠀⠀⠀⠀⠀⠀⠀[38;2;255;128;80m[48;2;112;36;28m⢸⡆⠀⠀⠀⠀⠀⠀⠀⠀⠀⠀⠀⠀⠀⠀⠀⠀⠀⠀⠀⠀⠀⠀⠀⠀⢸[48;2;16;22;28m⠀⠀⠀⠀⠀⠀⠀⠀⠀⠀⠀⠀⠀⠀⠀⠀[0m
[38;2;255;255;255m[48;2;24;44;72m⠀⠀⠀⠀⠀⠀⠀⠀⠀⠀⠀⠀⠀⠀⠀⠀[38;2;150;190;225m⢣[48;2;16;22;28m⠀⠀⠀⠀⠀⠀⠀⠀⠀[38;2;255;128;80m[48;2;112;36;28m⣿[38;2;255;255;255m3[38;2;255;128;80m⣀⣀⣀⣀[38;2;255;255;255m3[38;2;255;128;80m⣀⣀⣀⣀[38;2;255;255;255m3[38;2;255;128;80m⣀⣀⣀⣀[38;2;255;255;255m3[38;2;255;128;80m⣀⣀⣀⣀[38;2;255;255;255m3[38;2;255;128;80m⣀⣀⣀⣀[48;2;16;22;28m3⠀⠀⠀⠀⠀⠀⠀⠀⠀⠀⠀⠀⠀⠀⠀⠀[0m
[38;2;255;255;255m[48;2;24;44;72m⠀⠀⠀⠀⠀⠀⠀⠀⠀⠀⠀⠀⠀⠀⠀⠀⠀[38;2;150;190;225m⢣[48;2;16;22;28m⠀⠀⠀⠀⠀⠀⠀⠀⠀⠀⠀⠀⠀⠀⠀⠀⠀⠀⠀⠀⠀⠀⠀⠀⠀⠀⠀⠀⠀⠀⠀⠀⠀⠀⠀⠀⠀⠀⠀⠀⠀⠀⠀⠀⠀⠀⠀⠀⠀⠀⠀[0m
[38;2;200;200;200m[48;2;24;44;72m├─────────┤ 20 km[38;2;160;160;160mOp[48;2;16;22;28menFreeMap (c) OpenMapTiles Data from OpenStreetMap[0m
