[38;2;255;255;255m[48;2;16;22;28m⠀⠀⠀⠀⠀⠀⠀⠀⠀⠀⠀⠀⠀⠀⠀[38;2;200;200;200mArkansas⠀⠀⠀⠀⠀⠀⠀⠀⠀⠀⠀⠀⠀North Caroli[48;2;24;44;72mna⠀⠀⠀⠀⠀⠀⠀⠀⠀⠀⠀⠀⠀⠀⠀⠀⠀⠀⠀[0m
[38;2;255;255;255m[48;2;16;22;28m⠀⠀⠀⠀⠀⠀⠀⠀⠀⠀⠀⠀⠀⠀⠀⠀⠀⠀⠀⠀⠀⠀⠀⠀⠀⠀⠀⠀⠀⠀⠀⠀⠀⠀⠀⠀⠀⠀⠀⠀⠀⠀⠀⠀[38;2;150;190;225m⢀[48;2;24;44;72m⡜⠒⠋⠀⠀⠀⠀⠀⠀⠀⠀⠀⠀⠀⠀⠀⠀⠀⠀⠀⠀⠀⠀⠀[0m
[38;2;255;255;255m[48;2;16;22;28m⠀⠀⠀⠀⠀⠀⠀⠀⠀⠀⠀⠀⠀⠀⠀⠀⠀⠀⠀⠀⠀⠀⠀⠀[48;2;240;232;144m⠀⠀⠀⠀⠀[48;2;255;204;102m⠀⠀⠀⠀⠀⠀⠀⠀⠀⠀⠀[48;2;255;170;119m⠀⠀[38;2;150;190;225m[48;2;24;44;72m⢠⠊⠉⠀⠀⠀⠀⠀⠀⠀⠀⠀⠀⠀⠀⠀⠀⠀⠀⠀⠀⠀⠀⠀⠀⠀⠀[0m
[38;2;255;255;255m[48;2;16;22;28m⠀⠀⠀⠀⠀⠀⠀⠀⠀⠀⠀⠀⠀⠀⠀⠀⠀⠀⠀⠀⠀⠀⠀⠀[48;2;240;232;144m⠀⠀⠀⠀⠀[48;2;255;204;102m⠀⠀⠀⠀⠀⠀⠀⠀⠀⠀[38;2;0;0;0m⢀[38;2;150;190;225m[48;2;24;44;72m⡤⠚⠁⠀⠀⠀⠀⠀⠀⠀⠀⠀⠀⠀⠀⠀⠀⠀⠀⠀⠀⠀⠀⠀⠀⠀⠀⠀⠀[0m
[38;2;255;255;255m[48;2;16;22;28m⠀⠀⠀⠀⠀⠀⠀⠀⠀⠀⠀⠀⠀⠀⠀⠀⠀⠀⠀⠀⠀⠀⠀⠀[48;2;255;204;102m⠀⠀⠀⠀⠀⠀⠀⠀⠀⠀[48;2;255;170;119m⠀⠀⠀⠀[38;2;0;0;0m⢀[38;2;150;190;225m[48;2;24;44;72m⡟⠀⠀⠀⠀⠀⠀⠀⠀⠀⠀⠀⠀⠀⠀⠀⠀⠀⠀⠀⠀⠀⠀⠀⠀⠀⠀⠀⠀⠀[0m
[38;2;255;255;255m[48;2;16;22;28m⠀⠀⠀⠀⠀⠀⠀⠀⠀⠀⠀⠀⠀⠀⠀⠀⠀⠀⠀⠀⠀⠀⠀[38;2;150;190;225m[48;2;24;44;72m⡠[38;2;0;0;0m[48;2;255;204;102m⣀[38;2;150;190;225m[48;2;24;44;72m⡤⠤⢴⡠⠤[38;2;0;0;0m[48;2;255;204;102m⢤⣀⠀⠀[48;2;255;170;119m⡀⠀⠀⠀⢸[48;2;24;44;72m⠀⠀⠀⠀⠀⠀⠀⠀⠀⠀⠀⠀⠀⠀⠀⠀⠀⠀⠀⠀⠀⠀⠀⠀⠀⠀⠀⠀⠀⠀[0m
[38;2;255;255;255m[48;2;16;22;28m⡀⢀⠎⠒⠢⢄⠀⠀⠀⠀⠀⠀⠀⠀⠀[38;2;150;190;225m[48;2;24;44;72m⡶⠔⠛⠒⠢⠞[48;2;16;22;28m⢢⣀⣨[38;2;0;0;0m[48;2;255;204;102m⣽[38;2;150;190;225m[48;2;24;44;72m⣧⠀⠀⠀⠀[38;2;255;255;255m⠘⠛[38;2;150;190;225m⠓[38;2;255;255;255mHom[38;2;0;0;0m[48;2;255;170;119me⠀⠀[38;2;150;190;225m[48;2;24;44;72m⢇⠀⠀⠀⠀⠀⠀⠀⠀⠀⠀⠀⠀⠀⠀⠀⠀⠀⠀⠀⠀⠀⠀⠀⠀⠀⠀⠀⠀⠀[0m
[38;2;255;255;255m[48;2;16;22;28m⠈⠁⠀⠀⠀⠈⢆⠀⠀⠀⠀[38;2;150;190;225m⢀[48;2;24;44;72m⡴⠖⠊⠁⠀⠀⠀⠀⠀⠀⠀⠀⠀⠉⠀⠀⠀⠀⠀⠀⠀⠀⠀⠀⢸[48;2;255;170;119m⠀⠀[38;2;0;0;0m⠘[38;2;150;190;225m[48;2;24;44;72m⡦⠀⠀⠀⠀⠀⠀⠀⠀⠀⠀⠀⠀⠀⠀⠀⠀⠀⠀⠀⠀⠀⠀⠀⠀⠀⠀⠀⠀[0m
[38;2;255;255;255m[48;2;16;22;28m⠀⠀⠀⠀⠀⠀⠈⢢⠀⠀[38;2;150;190;225m⠠[48;2;24;44;72m⡝⠀⠀⠀⠀⠀⠀⠀⠀⠀⠀⠀⠀⠀⠀⠀⠀⠀⠀⠀⠀⠀⠀⠀⠀⠸[38;2;0;0;0m[48;2;255;136;68m⡁⠀⢀⣘[38;2;255;255;255m[48;2;24;44;72m⣄⠀⠀⠀⠀⠀⠀⠀⠀⠀⠀⠀⠀⠀⠀⠀⠀⠀⠀⠀⠀⠀⠀⠀⠀⠀⠀⠀[0m
[38;2;255;255;255m[48;2;16;22;28m⠀⠀[38;2;200;200;200mNuevo Leó[48;2;24;44;72mn⠀⠀⠀⠀⠀⠀⠀⠀⠀⠀⠀⠀⠀⠀⠀⠀⠀⠀⠀⠀⠀⠀⠀⠀⠀[38;2;150;190;225m⠙[38;2;0;0;0m[48;2;255;136;68m⡆⠈⠛[38;2;255;255;255m[48;2;24;44;72m⡟⠀⠀[38;2;150;190;225m⠈⢉⡶⠀⠀⠀⠀⠀⠀⠀⠀⠀⠀⠀⠀⠀⠀⠀⠀⠀⠀⠀⠀⠀⠀[0m
[38;2;255;255;255m[48;2;16;22;28m⠀⠀⠀⠀⠀⠀⠀⠀⠀⠀[38;2;120;160;200m⢠[38;2;150;190;225m[48;2;24;44;72m⡝⠀⠀⠀⠀⠀⠀⠀⠀⠀⠀⠀⠀⠀⠀⠀⠀⠀⠀⠀⠀⠀⠀⠀⠀⠀⠀⠉[48;2;16;22;28m⢧[48;2;24;44;72m⡰⠁⠀⠀⢀⠀⠁⠀⠀⠀⠀⠀⠀⠀⠀⠀⠀⠀⠀⠀⠀⠀⠀⠀⠀⠀⠀⠀⠀[0m
[38;2;200;200;200m[48;2;16;22;28m├──┤ 200 k[48;2;24;44;72mm[38;2;150;190;225m⠁⠀⠀⠀⠀⠀[38;2;160;160;160mOpenFreeMap (c) OpenMapTiles Data from OpenStreetMap[0m
