[38;2;255;255;255m[48;2;24;44;72m⠀⠀⠀⠀⠀⠀⠀⠀⠀⠀⠀⠀⠀⠀⠀⠀⠀⠀⠀⠀⠀⠀⠀⠀⠀[38;2;150;190;225m⡠[48;2;16;22;28m⠖[48;2;24;44;72m⢒⣆⣤[48;2;16;22;28m⠊⣹[48;2;24;44;72m⣄⡀⠀⠀⠀⠀⠀⠀⠀⠀⠀⠀⠀⠀⠀⠀⠀⠀⠀⠀⠀⠀⠀⠀⠀⠀⠀⠀⠀⠀⠀⠀⠀⠀⠀⠀⠀[0m
[38;2;255;255;255m[48;2;24;44;72m⠀⠀⠀⠀⠀⠀⠀⠀⠀⠀⠀⠀⠀⠀⠀⠀⠀⠀⠀⠀⠀⠀⠀[38;2;150;190;225m⣠⣼[48;2;16;22;28m⣷⢢⡾⠁⠀⠀⠀[48;2;24;44;72m⢳⠁⠀⢰⣶⠆⠀⠛⠀⠀⠀⠰⣣⡀⠀⠀⠀⠀⠀⠀⠀⠀⠀⠀⠀⠀⠀⠀⠀⠀⠀⠀⠀⠀⠀⠀⠀[0m
[38;2;255;255;255m[48;2;24;44;72m⠀⠀⠀⠀⠀⠀⠀⠀⠀⠀⠀⠀⠀⠀⠀⠀⠀⠀⠀⠀⠀[38;2;150;190;225m⢀⣻⣷⣿[48;2;16;22;28m⣿[48;2;24;44;72m⣟⠛[48;2;16;22;28m⢢⠀⠀⠀[48;2;24;44;72m⣾⠀⠀⠈⠋⠁⠀⢀⡴⠂⢀[48;2;16;22;28m⡴⠚[48;2;24;44;72m⢳⣄⡀⢶⡤⠀⠀⠀⠀⠀⠀⠀⠀⠀⠀⠀⠀⠀⠀⠀⠀⠀⠀⠀[0m
[38;2;255;255;255m[48;2;24;44;72m⠀⠀⠀⠀⠀⠀⠀⠀⠀⠀⠀⠀⠀⠀⠀⠀[38;2;150;190;225m⢖⣠[48;2;16;22;28m⡒⠲[38;2;255;255;255m[48;2;24;44;72m⡤[38;2;150;190;225m[48;2;16;22;28m⠾⣿[48;2;24;44;72m⣿[48;2;16;22;28m⣿⢿[48;2;24;44;72m⡽⣲⡸[48;2;16;22;28m⡆⠀[48;2;24;44;72m⡸⠇⠀⠀⢀[38;2;255;255;255m[48;2;16;22;28m⣴⣶[38;2;150;190;225m[48;2;24;44;72m⢤⣸⣧[48;2;16;22;28m⣿⡟⠀⠀⠀⠈⠘⠚⠙⠲[48;2;24;44;72m⠤⠤⠀⠀⠀⠀⠀⠀⠀⠀⠀⠀⠀⠀⠀⠀⠀⠀[0m
[38;2;255;255;255m[48;2;24;44;72m⠀⠀⠀⠀⠀⠀⠀⠀⠀⠀⠀⠀⠀⠀⠀⠀[38;2;150;190;225m⠙⢹[48;2;16;22;28m⣇[48;2;24;44;72m⡤[38;2;255;255;255m[48;2;16;22;28m⣇[38;2;120;160;200m⠈⠹⣆[38;2;150;190;225m⢠[48;2;24;44;72m⡞⢿⣿⠁⠣⠏⠀⠛⢁⡀[38;2;255;255;255m[48;2;16;22;28m⣾[38;2;150;190;225m[48;2;24;44;72m⣿[38;2;255;255;255m[48;2;16;22;28m⡽[38;2;150;190;225m⠏⠀⠀⠈⠀⠀⠀⠀⠀⠀⢀⣀⣤[48;2;24;44;72m⡦⠟⠁⠀⠀⠀⠀⠀⠀⠀⠀⠀⠀⠀⠀⠀⠀⠀[0m
[38;2;255;255;255m[48;2;24;44;72m⠀⠀⠀⠀⠀⠀⠀⠀⠀⠀⠀⠀⠀⠀⠀⠀⠀[38;2;150;190;225m⠘⠉⠀⠈⢷[38;2;255;255;255m[48;2;16;22;28m⡤⠤⠶⣭[38;2;150;190;225m⣟[38;2;255;255;255m⣠[38;2;150;190;225m[48;2;24;44;72m⣽⡄⠀⠀⠀⠺[48;2;16;22;28m⡷[38;2;255;255;255m⣿⣿⣿⣤⣔⡴⢛⣢⣤⠴⢾⣴⢦[38;2;150;190;225m[48;2;24;44;72m⣷⡆⠟⠁⠀⠀⠀⠀⠀⠀⠀⠀⠀⠀⠀⠀⠀⠀⠀⠀⠀[0m
[38;2;255;255;255m[48;2;24;44;72m⠀⠀⠀⠀⠀⠀⠀⠀⠀⠀⠀⠀⠀⠀⠀⠀⠀⠀⠀⠀[38;2;170;215;255mNo[48;2;16;22;28mrth [48;2;24;44;72mAtlanti[48;2;16;22;28mc O[48;2;24;44;72mce[48;2;16;22;28man[38;2;255;255;255m⢿⣿⣏⠈⡉⠉[38;2;150;190;225m⢲[38;2;255;255;255m[48;2;24;44;72m⢿[38;2;150;190;225m⡽⠁⠀⠀⠀⠀⠀⠀⠀⠀⠀⠀⠀⠀⠀⠀⠀⠀⠀⠀⠀[0m
[38;2;255;255;255m[48;2;24;44;72m⠀⠀⠀⠀⠀⠀⠀⠀⠀⠀⠀⠀⠀⠀⠀⠀⠀⠀⠀⠀⠀⠀[38;2;150;190;225m⠈⠻⢽[38;2;255;255;255m⣷[38;2;150;190;225m⣳⣤⠀⠀⠀⠀[38;2;255;255;255m⢰[48;2;16;22;28m⣿⣲⣝⣦⢟⣧⣽[48;2;24;44;72m⠟⠻[38;2;150;190;225m[48;2;16;22;28m⣨[38;2;255;255;255m[48;2;24;44;72m⠿[48;2;16;22;28m⣿[38;2;150;190;225m[48;2;24;44;72m⣶⢺⡀⠀⠀⠀⠀⠀⠀⠀⠀⠀⠀⠀⠀⠀⠀⠀⠀⠀⠀⠀⠀⠀[0m
[38;2;255;255;255m[48;2;24;44;72m⠀⠀⠀⠀⠀⠀⠀⠀⠀⠀⠀⠀⠀⠀⠀⠀⠀⠀⠀⠀⠀⠀⠀⠀⠀⠈[48;2;16;22;28m⣿⡿⠛[38;2;150;190;225m[48;2;24;44;72m⠦⢤⠀⠈[38;2;255;255;255m⠙⠛[48;2;16;22;28m⢿⣟⣿[48;2;24;44;72m⣿⠋⠀⠀[38;2;150;190;225m⠙⠀[38;2;255;255;255m⢻[38;2;150;190;225m⣷⣿⣷⣤⣀⠀⠀⠀⠀⠀⠀⠀⠀⠀⠀⠀⠀⠀⠀⠀⠀⠀⠀⠀[0m
[38;2;255;255;255m[48;2;24;44;72m⠀⠀⠀⠀⠀⠀⠀⠀⠀⠀⠀⠀⠀⠀⠀⠀[38;2;150;190;225m⡆⠀⠀⠀⠀⠀⠀⠀⠀⠀⠘[38;2;255;255;255m[48;2;16;22;28m⣿⣷[38;2;150;190;225m⣀[48;2;24;44;72m⡞⠀⠀⠀⠀⢸[38;2;255;255;255m[48;2;16;22;28m⣺⣿[38;2;150;190;225m[48;2;24;44;72m⣿⡷⠀⠀⠀⠀⠀⢀[48;2;16;22;28m⡵⠛⠛[48;2;24;44;72m⢯⡀⠀⠀⠀⠀⠀⠀⠀⠀⠀⠀⠀⠀⠀⠀⠀⠀⠀⠀[0m
[38;2;255;255;255m[48;2;24;44;72m⠀⠀⠀⠀⠀⠀⠀⠀⠀⠀⠀⠀⠀⠀⠀⠀[38;2;150;190;225m⡇⠀⠀⠀⠀⠀⠀⠀⠀⠀⢀[38;2;255;255;255m[48;2;16;22;28m⣇[38;2;150;190;225m[48;2;24;44;72m⡼⠋⠀⠀⠀⠀⠀⠀[38;2;255;255;255m⠛[38;2;150;190;225m⠊⠀⠀⠀⠀⠀⠀⠀⠀⠓⠊⠲⣴⠁⢐⡦⠀⠀⠀⠀⠀⠀⠀⠀⠀⠀⠀⠀⠀⠀⠀⠀[0m
[38;2;255;255;255m[48;2;24;44;72m⠀⠀⠀⠀⠀⠀⠀⠀⠀⠀⠀⠀⠀⠀⠀⠀[38;2;150;190;225m⡇[38;2;160;160;160mOpenFreeMap (c) OpenMapTiles Data from OpenStreetMap[0m
