[38;2;255;255;255m[48;2;24;44;72m⠀⠀⠀⠀⠀⠀⠀⠀⠀⠀⠀⠀⠀⠀⠀⠀⠀⠀⠀⠀⠀⠀⠀⠀⠀⠀⠀⠀⠀⠀⠀⠀⠀⠀⠀⠀⠀⠀⠀⠀⠀⠀⠀⠀⠀⠀⠀⠀⠀⠀⠀⠀⠀⠀⠀⠀⠀⠀⠀⠀⠀[38;2;150;190;225m⢀⠤⠤⠤⠤⡀⠀⠀⠀⠀⠀⠀⠀⠀⠀⠀⠀⠀⠀⠀⠀⠀⠀⠀⠀⠀⠀⠀⠀⠀⠀⠀⠀⠀⠀⠀⠀⠀⠀⠀⠀⠀⠀⠀⠀⠀⠀⠀⠀⠀⠀⠀⠀⠀⠀⠀⠀⠀⠀⠀⠀⠀⠀⠀⠀⠀⠀⠀⠀⠀⠀⠀⠀⠀⠀⠀⠀⠀⠀⠀⠀⠀⠀⠀⠀⠀⠀⠀[0m
[38;2;255;255;255m[48;2;24;44;72m⠀⠀⠀⠀⠀⠀⠀⠀⠀⠀⠀⠀⠀⠀⠀⠀⠀⠀⠀⠀⠀⠀⠀⠀⠀⠀⠀⠀⠀⠀⠀⠀⠀⠀⠀⠀⠀⠀⠀⠀⠀⠀⠀⠀⠀⠀⠀[38;2;150;190;225m⡀[48;2;16;22;28m⡖⠉⠓⠉⠒⠒[48;2;24;44;72m⢄⠀⠀⠀⠀[48;2;16;22;28m⡠⠊⠉⠀⠀⠀⠀⠘[48;2;24;44;72m⢄⠀⠀⠀⠀⠀⠀⠀⠀⠀⠀⠀⠀⠀⠀⠀⠀⠀⠀⠀⠀⠀⠀⠀⠀⠀⠀⠀⠀⠀⠀⠀⠀⠀⠀⠀⠀⠀⠀⠀⠀⠀⠀⠀⠀⠀⠀⠀⠀⠀⠀⠀⠀⠀⠀⠀⠀⠀⠀⠀⠀⠀⠀⠀⠀⠀⠀⠀⠀⠀⠀⠀⠀⠀⠀⠀⠀⠀⠀⠀⠀⠀[0m
[38;2;255;255;255m[48;2;24;44;72m⠀⠀⠀⠀⠀⠀⠀⠀⠀⠀⠀⠀⠀⠀⠀⠀⠀⠀⠀⠀⠀⠀⠀⠀⠀⠀⠀⠀⠀⠀⠀⠀⠀⠀⠀⠀⠀⠀⠀⠀⠀⠀⠀⠀⠀[38;2;150;190;225m⡠[48;2;16;22;28m⠜⠙⠀⠀⠀⠀⠀[48;2;24;44;72m⡠⣊[48;2;16;22;28m⠤⠒⡶⠑⢧⠀⠀⠀⠀⠶⠚[48;2;24;44;72m⢍⡅⢀⣀⡀⠀⠀⠀⠀⠀⠀⠀⠀⠀⠀⠀⠀⠀⠀⠀⠀⠀⠀⠀⠀⠀⠀⠀⠀⠀⠀⠀⠀⠀⠀⠀⠀⠀⠀⠀⠀⠀⠀⠀⠀⠀⠀⠀⠀⠀⠀⠀⠀⠀⠀⠀⠀⠀⠀⠀⠀⠀⠀⠀⠀⠀⠀⠀⠀⠀⠀⠀⠀⠀⠀⠀⠀⠀⠀⠀⠀⠀⠀[0m
[38;2;255;255;255m[48;2;24;44;72m⠀⠀⠀⠀⠀⠀⠀⠀⠀⠀⠀⠀⠀⠀⠀⠀⠀⠀⠀⠀⠀⠀⠀⠀⠀⠀⠀⠀⠀⠀⠀⠀⠀⠀⠀⠀⠀⠀⠀⠀⠀⠀⠀[38;2;150;190;225m⢀⡴[48;2;16;22;28m⣱⠀⠀⠀⠀⠀⠀[48;2;24;44;72m⢨⣃[48;2;16;22;28m⠜⠀⠀⠀⠀⠀⠁⠀⠀⠀⠀⠀⠀⠏⠁⢀[48;2;24;44;72m⠕⠀⠀⠀⠀⠀⠀⠀⠀⠀⠀⠀⠀⠀⠀⠀⠀⠀⠀⢀⣀⠀⠀⠀⠀⠀⠀⠀⠀⠀⠀⠀⠀⠀⡠⢆⠀⠀⠀⠀⠀⠀⠀⠀⠀⠀⠀⠀⠀⠀⠀⠀⠀⠀⠀⠀⠀⠀⠀⠀⠀⠀⠀⠀⠀⠀⠀⠀⠀⠀⠀⠀⠀⠀⠀⠀⠀⠀⠀[0m
[38;2;255;255;255m[48;2;24;44;72m⠀⠀⠀⠀⠀⠀⠀⠀⠀⠀⠀⠀⠀⠀⠀⠀⠀⠀⠀⠀⠀⠀⠀⠀⠀⠀⠀⠀⠀⠀⠀⠀⠀⠀⠀⠀⠀⠀⠀⠀⠀⠀⠀[38;2;150;190;225m[48;2;16;22;28m⢎⠀⠉[48;2;24;44;72m⢿[48;2;16;22;28m⠭⠂⠀⠀[48;2;24;44;72m⢠⠻[48;2;16;22;28m⣀⠀⠀⠀⠀⠀⠀⠀⠀⠀⠀⠀⠀⠀⠀⢴[48;2;24;44;72m⠃⠀⠀⠀⠀⠀⠀⠀⠀⣠⡤[48;2;16;22;28m⣖⠙[48;2;24;44;72m⠑⡄⠀⠀⠀⠀⠈⠫⠏⠁⠀⠀⠀⠀⠀⠀⠀⠀⠀⠀⠀⠐[48;2;16;22;28m⡅⠈[48;2;24;44;72m⢆⠀⠀⠀⠀⠀⠀⠀⠀⠀⠀⠀⠀⠀⠀⠀⠀⠀⠀⠀⠀⠀⠀⠀⠀⠀⠀⠀⠀⠀⠀⠀⠀⠀⠀⠀⠀⠀⠀⠀⠀⠀⠀[0m
[38;2;255;255;255m[48;2;24;44;72m⠀⠀⠀⠀⠀⠀⠀⠀⠀⠀⠀⠀⠀⠀⠀⠀⠀⠀⠀⠀⠀⠀⠀⠀⠀⠀⠀⠀⠀⠀⠀⠀⠀⠀⠀⠀⠀⠀[38;2;150;190;225m⡠⡀⠰⡢⣠⡄[48;2;16;22;28m⡗⠀⣸⠇⠀⠐[48;2;24;44;72m⡏⢁[48;2;16;22;28m⠔⠁⠀⠀⠀⠀⠀⠀⠀⠀⠀⠀⠀⠀⠀⠀[48;2;24;44;72m⡎⠀⠀⠀⠀⠀⠀⠀⠀⠈[48;2;16;22;28m⡎⠁⢘[48;2;24;44;72m⠍⠉⠀⠀⠀⠀⠀⠀⠀⠀⠀⠀⠀⠀⠀⠀⠀⠀⠀⠀⠀⠀⠀⠱[48;2;16;22;28m⣀⡼[48;2;24;44;72m⠢⡀⠀⠀⠀⠀⠀⠀⠀⠀⠀⠀⠀⠀⠀⠀⠀⠀⠀⠀⠀⠀⠀⠀⠀⠀⠀⠀⠀⠀⠀⠀⠀⠀⠀⠀⠀⠀⠀⠀⠀⠀[0m
[38;2;255;255;255m[48;2;24;44;72m⠀⠀⠀⠀⠀⠀⠀⠀⠀⠀⠀⠀⠀⠀⠀⠀⠀⠀⠀⠀⠀⠀⠀⠀⠀⠀⠀⠀⠀⠀⠀⠀⠀⠀⠀⠀[38;2;150;190;225m⣀⡄⢟⠆⠈⠑⠛⠾⡌⠉[48;2;16;22;28m⡗⠄⢀[48;2;24;44;72m⡰⠑[48;2;16;22;28m⠥⣄⡀⠀⠀⠀⠀⠀⠀⠀⠀⠀⠀⠀⠀⠀⠀[48;2;24;44;72m⡇⠀⠀⠀⠀⠀⠀⠀⠀⠀⢘[48;2;16;22;28m⠄[48;2;24;44;72m⡎⢟⠄⠀⠀⠀⠀⠀⠀⠀⠀⠀⠀⠀⠀⠀⠀⠀⠀⠀⠀⠀⠀⠀⠀⠀⠓⡩⢅⠀⠀⠀⠀⠀⠀⠀⠀⠀⠀⠀⠀⠀⠀⠀⠀⠀⠀⠀⠀⠀⠀⠀⠀⠀⠀⠀⠀⠀⠀⠀⠀⠀⠀⠀⠀⠀⠀⠀⠀[0m
[38;2;255;255;255m[48;2;24;44;72m⠀⠀⠀⠀⠀⠀⠀⠀⠀⠀⠀⠀⠀⠀⠀⠀⠀⠀⠀⠀⠀⠀⠀⠀⠀⠀⠀⠀⠀⠀⠀⠀⠀⠀⠀[38;2;150;190;225m[48;2;16;22;28m⢎[48;2;24;44;72m⡰⡥⡄⢶⣀⢠[48;2;16;22;28m⠒[48;2;24;44;72m⡯[48;2;16;22;28m⢗[48;2;24;44;72m⣾⠥[48;2;16;22;28m⢤[48;2;24;44;72m⠬⠛⠀⠈[48;2;16;22;28m⢆[48;2;24;44;72m⡠[48;2;16;22;28m⢄⠀⠀⠀⠀⠀⠀⠀⠀⠀⠀⠀⠀⠰[48;2;24;44;72m⡉⠀⠀⠀⠀⠀⠀⠀⠀⠀⠀⠑⠃⠀⠀⠀⠀⠀⠀⠀⠀⠀⠀⠀⠀⢀⠤⣔⠕⠀⠀⠀⠀⠀⠀⠀⣀⢄[48;2;16;22;28m⠼⠀⠹⠒[48;2;24;44;72m⠢⡀⠀⠀⠀⠀⠀⠀⢀⢄⡀⠀⠀⠀⠀⠀⠀⠀⠀⠀⠀⠀⠀⠀⠀⠀⠀⠀⠀⠀⠀⠀⠀⠀⠀⠀⠀⠀⠀[0m
[38;2;255;255;255m[48;2;24;44;72m⠀⠀⠀⠀⠀⠀⠀⠀⠀⠀⠀⠀⠀⠀⠀⠀⠀⠀⠀⠀⠀⠀⠀⠀⠀⠀⠀⠀⠀⠀⠀⠀⠀⠀[38;2;150;190;225m⣀⣀⣘⠲[48;2;16;22;28m⡾[48;2;24;44;72m⠝⠊⠈⠗⠯⡿[48;2;16;22;28m⣈⣉⠥[48;2;24;44;72m⡱⠀⠀⠀⠀⠀⠀⠙[48;2;16;22;28m⡄⠀⠀⠀⠀⠀⠀⠀⠀⠀⠀⢰[48;2;24;44;72m⡃⠀⠀⠀⠀⠀⠀⠀⠀⠀⠀⠀⠀⠀⠀⠀⠀⠀⠀⠀⠀⠀⠀⢀[48;2;16;22;28m⠎[48;2;24;44;72m⡡⠊⠀⠀⠀⠀⠀⠀⠀[48;2;16;22;28m⡖⠉⠀⠀⠀⠀⠀⢀[48;2;24;44;72m⠔⠃⠀⠀⠀⠀⠀⠀⠣⠤⠬⠫⠶⠀⠀⠀⠀⠀⠀⠀⠀⠀⠀⠀⠀⠀⠀⠀⠀⠀⠀⠀⠀⠀⠀⠀⠀⠀⠀[0m
[38;2;255;255;255m[48;2;24;44;72m⠀⠀⠀⠀⠀⠀⠀⠀⠀⠀⠀⠀⠀⠀⠀⠀⠀⠀⠀⠀⠀⠀⠀⠀⠀⠀⠀⠀⠀⠀⠀⠀⠀⠀[38;2;150;190;225m[48;2;16;22;28m⡸⠀⣨⢶[48;2;24;44;72m⢄⢤⢶⢰[48;2;16;22;28m⡕⢿[48;2;24;44;72m⢨⢣[48;2;16;22;28m⢺⠒[48;2;24;44;72m⢻⣦⠄⠀⠀⠀⠀⠀⢸[48;2;16;22;28m⠀⠀⠀⠀⠀⠀⠀⠀⠀⢰[48;2;24;44;72m⡚⠀⠀⠀⠀⠀⠀⠀⠀⠀⠀⠀⠀⠀⠀⠀⠀⠀⠀⠀⠀⠀⠀⠀[48;2;16;22;28m⡜[48;2;24;44;72m⡰⠁⠀⠀⡠⢄⢤⠀[48;2;16;22;28m⡎⠉⠁⠀⠀⠀⠀⠀⠀⠀⠙⠊⠱[48;2;24;44;72m⠤[48;2;16;22;28m⠗[48;2;24;44;72m⢢⠀⠀⠀[48;2;16;22;28m⡪[48;2;24;44;72m⢵⡀⠀⠀⠀⠀⠀⠀⠀⠀⠀⠀⠀⠀⠀⠀⠀⠀⠀⠀⠀⠀⠀⠀⠀⠀⠀⠀⠀[0m
[38;2;255;255;255m[48;2;24;44;72m⠀⠀⠀⠀⠀⠀⠀⠀⠀⠀⠀⠀⠀⠀⠀⠀[38;2;150;190;225m⠰⠦⠀⠀⠀⠀⢀⢤⢢⢄⣀⠀⠀⠀⠀⠀⠀⣀⠱⠒[48;2;16;22;28m⢣⣄⡀⠘⠸[48;2;24;44;72m⣀⠳⢺⢣⢸[48;2;16;22;28m⡄⠀⠈⠀⠱[48;2;24;44;72m⠢⡀⠀⠀⠀⠘[48;2;16;22;28m⡦⡀⠀⠀⠀⠀⠀⠀⠀[48;2;24;44;72m⣮⣇⠀⠀⠀⠀⠀⠀⠀⠀⠀⠀⠀⠀⠀⢀⠤⠤⢄⠀⠀⠀⠀⠀⠈[48;2;16;22;28m⢣[48;2;24;44;72m⣇⠀⠀⠰[48;2;16;22;28m⡁⢸⡾⠏⠙⠀⠀⠀⠀⠀⠀⠀⠀⠀⠀⠀⠀⠀⠀⠘[48;2;24;44;72m⢴[48;2;16;22;28m⠒⠒⠃⠀⠈⠑[48;2;24;44;72m⠢⠤⢤⠀⠀⠀⠀⠀⢠⠆⠀⠀⠀⠀⠀⠀⠀⠀⠀⠀⠀⠀⠀⠀⠀⠀[0m
[38;2;255;255;255m[48;2;24;44;72m⠀⠀⠀⠀⠀⠀⠀⠀⠀⠀⠀⠀⠀⠀⠀⠀[38;2;150;190;225m⠠⡀⠀⠀⠀[48;2;16;22;28m⡤⠋⠀⠀⠀⠀⠉⠉[38;2;255;255;255m⡗[38;2;150;190;225m⠴⠒⠉⠋⠚⠋⠪⢿⣁⢤⢤[48;2;24;44;72m⠴⢻⣽[48;2;16;22;28m⡔[48;2;24;44;72m⡷⣈[48;2;16;22;28m⠗[48;2;24;44;72m⡎[48;2;16;22;28m⢱⡄⠀[48;2;24;44;72m⢼⠄⠀⠀⠘[48;2;16;22;28m⡲⠇⠀⠀⠀⠀⠀⢀⣀[48;2;24;44;72m⠝⠁⠀⠀⠀⠀⠀⠀⠀⠀⠀⠀⠀⢠[38;2;255;255;255m[48;2;16;22;28m⣪⢯⡼⢱[38;2;150;190;225m⠋⠒[48;2;24;44;72m⢄⠀⣀⡀⠀⣠⣀[48;2;16;22;28m⢜⠕[48;2;24;44;72m⢔[48;2;16;22;28m⢇[48;2;24;44;72m⠸[48;2;16;22;28m⡧⠀⠀⠀⠀⠀⠀⠀⠀⠀⠀⠀⠀⠀⠀⠀⠀⠀⠀⠀⠀⠀⠀⠀⠀⠀⠀⠘⠒⠒[48;2;24;44;72m⢆[48;2;16;22;28m⠏⠉⠑[48;2;24;44;72m⠄⠀⠀⠀⠀⠀⠀⠀⠀⠀⠀⠀⠀⠀⠀⠀⠀[0m
[38;2;255;255;255m[48;2;24;44;72m⠀⠀⠀⠀⠀⠀⠀⠀⠀⠀⠀⠀⠀⠀⠀⠀[38;2;150;190;225m⢀[48;2;16;22;28m⡈⠶[48;2;24;44;72m⢆⠀[48;2;16;22;28m⣹⣄⠀⠀⠀⠀⠀⠀[38;2;255;255;255m⡇⠀⠀⠀⠀[38;2;120;160;200m⣠[48;2;24;44;72m⡴[48;2;16;22;28m⣦[38;2;150;190;225m⠉⠉⠙⠀⠉⠉⠘⠁⠀⢫[48;2;24;44;72m⡠⠃⠘⢫[48;2;16;22;28m⠃⢀⢍[48;2;24;44;72m⢢⠀⠀[48;2;16;22;28m⡇⠀⠀⠀⠀⣀[48;2;24;44;72m⠼⠁⠀⢀⢄⣀⢤⠀⠀⠀⠀⠀⠀⠀⠀[48;2;16;22;28m⡰[38;2;255;255;255m⡝⠁[38;2;150;190;225m⢀[38;2;255;255;255m⡇⠐⡅[38;2;150;190;225m⢤⣀[48;2;24;44;72m⣱[48;2;16;22;28m⢼⠿⠉⠀⠁⠀⠀⠀⠁[48;2;24;44;72m⢼[48;2;16;22;28m⠎⠀⠀⠀⠀⠀⠀⠀⠀⠀⠀⠀⠀⠀⠀⠀⠀⠀⠀⠀⠀⠀⠀⠀⠀⠀⠀⠀⠀⠀⠀⠀⠀⠀[48;2;24;44;72m⠀⠀⠀⠀⠀⠀⠀⠀⠀⠀⠀⠀⠀⠀⠀⠀⠀[0m
[38;2;255;255;255m[48;2;24;44;72m⠀⠀⠀⠀⠀⠀⠀⠀⠀⠀⠀⠀⠀⠀⠀⠀[38;2;150;190;225m⠘⠉⠢⣯⡈⢒[48;2;16;22;28m⣶⠀⠀⠀⠀⠀⠀[38;2;255;255;255m⡇⠀⠀⠀⠀[38;2;120;160;200m⠈⠙⠁⠀⠀⡀⠀⠀⠀⠀⠀[38;2;150;190;225m[48;2;24;44;72m⡠⢾[48;2;16;22;28m⣩[48;2;24;44;72m⣦⠪⠛[48;2;16;22;28m⡄⢌[48;2;24;44;72m⢺⠁⠀⠀⢸[48;2;16;22;28m⠀⠀⠀[48;2;24;44;72m⡎⠀⠀⠀⠀⠘[48;2;16;22;28m⠷⣀[48;2;24;44;72m⠔⠁⠀⠀⠀⠀⠀⠀[48;2;16;22;28m⡔[38;2;255;255;255m⡱⠁[38;2;150;190;225m⢠⡣⠊[38;2;255;255;255m⠘⡄[38;2;150;190;225m⠘⠏⠃⠀⠀⠀⠀⠀⠀⠀⠀⠀⠀⠀⠀⠀⠀⠀⠀⠀⠀⠀⠀⠀⠀⠀⠀⠀⠀⠀⠀⠀⠀⠀⠀⠀⠀⠀⠀⠀⠀⠀⠀⠀⠀⠀⢲[48;2;24;44;72m⡂⠀⠀⠀⠀⠀⠀⠀⠀⠀⠀⠀⠀⠀⠀⠀⠀[0m
[38;2;255;255;255m[48;2;24;44;72m⠀⠀⠀⠀⠀⠀⠀⠀⠀⠀⠀⠀⠀⠀⠀⠀⠀⠀⠀⠀⠀[38;2;150;190;225m[48;2;16;22;28m⡎⠀⠀⠀⢀⢄⢄⣀[38;2;255;255;255m⣇⠀⠀⠀⠀⠀⠀[38;2;200;200;200mCanada⠀⠀[38;2;150;190;225m[48;2;24;44;72m⡔⠁⠀⠘⠁[48;2;16;22;28m⢫⠙[48;2;24;44;72m⠬⡕⢋⠀⠀⠀⠀⠱[48;2;16;22;28m⠤[48;2;24;44;72m⣸⠀⠀⠀⠀⠀⠀⠀⠀⠀⠀⠀⠀⠀⠀⠀[48;2;16;22;28m⡏⠀[38;2;255;255;255m⡣⠀[38;2;150;190;225m[48;2;24;44;72m⣇[48;2;16;22;28m⣇⣀[38;2;255;255;255m⣰[38;2;120;160;200m⣯⡻⠆⠀⠀⠀⠀⠀⠀⠀⠀⠀⠀⠀⠀⠀⠀⠀⠀⠀⠀⠀⠀⠀⠀⠀⠀⠀⠀⠀⠀⠀⠀⠀⠀⠀⠀⠀⠀⠀[38;2;150;190;225m[48;2;24;44;72m⡠⢲⣜[48;2;16;22;28m⢇⣀[48;2;24;44;72m⡠⠒⠉⠁⠀⠀⠀⠀⠀⠀⠀⠀⠀⠀⠀⠀⠀⠀⠀⠀[0m
[38;2;255;255;255m[48;2;24;44;72m⠀⠀⠀⠀⠀⠀⠀⠀⠀⠀⠀⠀⠀⠀⠀⠀⠀⠀⠀⠀⠀[38;2;150;190;225m⠈⠙[48;2;16;22;28m⢶⣢[48;2;24;44;72m⡿⠉⠁⠀[38;2;255;255;255m⠉⠪[48;2;16;22;28m⢧⠀⠀⠀⠀⠀⠀[38;2;120;160;200m⠐⠛⠁⠀⠀⠀[38;2;150;190;225m[48;2;24;44;72m⢳⣀⠀⠀⠀[48;2;16;22;28m⢪⠀⠀⠳⠊[48;2;24;44;72m⢆⠀⠀⠀⠀⠀⠀⠀⠀⠀⠀⠀⠀⠀⠀⠀⠀⠀⢰⣲⠀⠀⠣⣼[48;2;16;22;28m⢇⢰[48;2;24;44;72m⠊⣨[38;2;255;255;255m[48;2;16;22;28m⣮⡏[38;2;120;160;200m⠉⠀⠀⠀⠀⠀⠀⠀⠀⠀⠀⠀⠀⠀⠀⠀⠀⠀⠀⠀⠀⠀⠀⠀⠀⠀⠀⠀⠀⠀⠀⠀⠀⠀⠀[38;2;150;190;225m[48;2;24;44;72m⡠⠊⠑⠊⠛⢢[48;2;16;22;28m⠜[48;2;24;44;72m⢼⠉⠀⠁⠀⠀⠀⠀⠀⠀⠀⠀⠀⠀⠀⠀⠀⠀⠀⠀⠀⠀⠀[0m
[38;2;255;255;255m[48;2;24;44;72m⠀⠀⠀⠀⠀⠀⠀⠀⠀⠀⠀⠀⠀⠀⠀⠀⠀⠀⠀⠀⠀[38;2;150;190;225m⠠⠞⠋⠀⠀⠀⠀⠀⠀⠀⢠[38;2;255;255;255m[48;2;16;22;28m⡿[38;2;150;190;225m⡀⠀⠀⠀⠀⠀⠀⠀⠀[38;2;120;160;200m⢀⡄⠀⠀[38;2;150;190;225m⠑⠒[48;2;24;44;72m⡦[48;2;16;22;28m⡞⠀⠀⠀⠀⠈[48;2;24;44;72m⠢⣄⠀⠀⠀⠀⠀⠀⠀⠀⠀⠀⠀⠀⠀⠀[48;2;16;22;28m⡠[48;2;24;44;72m⣾[48;2;16;22;28m⣜[48;2;24;44;72m⡄⠀⣀[48;2;16;22;28m⣿[48;2;24;44;72m⢿⣋[38;2;255;255;255m[48;2;16;22;28m⠤⠯⡹⠛⢦⠀⠀⠀⠀⠀⠀⠀⠀⠀⡠⠤⠔⠦⡠⡄⠀⠀⠀⠀⠀⠀⠀⠀⠀[38;2;120;160;200m⣰⠀⠀⠀[38;2;255;255;255m⣀⣀⠀⠀[38;2;150;190;225m⠠[48;2;24;44;72m⢎⣄⡄⠀⠀⠀[48;2;16;22;28m⢇⢠[48;2;24;44;72m⠮⠀⠀⠀⠀⠀⠀⠀⠀⠀⠀⠀⠀⠀⠀⠀⠀⠀⠀⠀⠀⠀⠀[0m
[38;2;255;255;255m[48;2;24;44;72m⠀⠀⠀⠀⠀⠀⠀⠀⠀⠀⠀⠀⠀⠀⠀⠀⠀⠀⠀⠀⠀⠀⠀⠀⠀⠀⠀⠀⠀⠀⠀⠀[38;2;150;190;225m⠃[48;2;16;22;28m⣧⣄⠀⠀⠀⠀⠀⠀⠀[38;2;120;160;200m⠘⢾[38;2;255;255;255m⡀⠀⠀⠀[38;2;150;190;225m⠣⠃⠀⠀⢀[48;2;24;44;72m⡠[48;2;16;22;28m⣀[48;2;24;44;72m⣠⣞⡀⠀⠀⠀⠀⠀⠀⠀⠀⠀⠀⠀⠀⠀⠚⢙[48;2;16;22;28m⣧⣼[38;2;255;255;255m⢷⣟⠀⢤⢧⣄⣘⠗⠒⠚⠷⣄⡀⠀⢠⡔⠢⠤⠼⠇⠀⠀⠀⠀⠘⠦[38;2;200;200;200mAsia[38;2;255;255;255m⣠⠖⢔[38;2;120;160;200m⠮⡁[38;2;255;255;255m⢀⣀⣠⠃⠈⣆⡀⠀⠀[38;2;150;190;225m⢸[48;2;24;44;72m⣧⠀⠀⠀⠸⠃⠀⠀⠀⠀⠀⠀⠀⠀⠀⠀⠀⠀⠀⠀⠀⠀⠀⠀⠀⠀⠀⠀⠀[0m
[38;2;255;255;255m[48;2;24;44;72m⠀⠀⠀⠀⠀⠀⠀⠀⠀⠀⠀⠀⠀⠀⠀⠀⠀⠀⠀⠀⠀⠀⠀⠀⠀⠀⠀⠀⠀⠀⠀⠀⠀⠀[38;2;150;190;225m⢻[48;2;16;22;28m⠏[38;2;255;255;255m⠉⠉⠉⠉⠉⠉⠉⠉⠩⠷[38;2;120;160;200m[48;2;24;44;72m⢿[38;2;255;255;255m[48;2;16;22;28m⣦⣀⠀⣀[38;2;150;190;225m⣰[38;2;255;255;255m⢿[38;2;150;190;225m⣹[48;2;24;44;72m⣀⡟⠲⠗⠀⠀⠀⠀⠀⠀⠀⠀⠀⠀⠀⠀⠀⠀⠀⠛[48;2;16;22;28m⡄⠀[38;2;255;255;255m⢼⡷⣾⣽⣻⡝⠒⣳⣤⣤⣴⠇⠀⢙[38;2;150;190;225m⣤⣤⠀[38;2;255;255;255m⣀⠀⠀⠀⠀[38;2;120;160;200m⡤⠤[38;2;255;255;255m⢀⠶⠉⢢⠀⠀⠀⠀⠀⠈⡁⣸⠶⠀⠀⠀⢑⡞[38;2;150;190;225m[48;2;24;44;72m⡠⠃⡯⠀⠀⠀⠀⠀⠀⠀⠀⠀⠀⠀⠀⠀⠀⠀⠀⠀⠀⠀⠀⠀⠀⠀⠀⠀⠀⠀⠀[0m
[38;2;255;255;255m[48;2;24;44;72m⠀⠀⠀⠀⠀⠀⠀⠀⠀⠀⠀⠀⠀⠀⠀⠀⠀⠀⠀⠀⠀⠀⠀⠀⠀⠀⠀⠀⠀⠀⠀⠀⠀⠀[38;2;150;190;225m⢸[48;2;16;22;28m⠀⠀⠀⠀⠀⠀⠀⠀⠀⠀⠀[38;2;120;160;200m⠿⠹[38;2;255;255;255m⡿⠚[38;2;150;190;225m⢃[48;2;24;44;72m⡰⠎⠛⠀⠀⠀⠀⠀⠀⠀⠀⠀⠀⠀⠀⠀⠀⠀⠀⠀⢲[48;2;16;22;28m⡖⠒[38;2;255;255;255m⢳[38;2;150;190;225m[48;2;24;44;72m⡖[38;2;255;255;255m⠚[38;2;150;190;225m⣑⢝[48;2;16;22;28m⣽[38;2;255;255;255m⣾⣿⣺[48;2;24;44;72m⣿[38;2;150;190;225m⡠⠭⢍[38;2;255;255;255m[48;2;16;22;28m⣲⣢⣵[38;2;150;190;225m[48;2;24;44;72m⣜[48;2;16;22;28m⣦[38;2;255;255;255m⣯⢤⡓⢲⣀⣔⢗⣒⠇⠀⠀⠀⠉⠧⠤⠤⡤⠴⠋⠀⠀[38;2;150;190;225m⣀[38;2;255;255;255m⢀⣤[48;2;24;44;72m⡾[38;2;150;190;225m⠒⠁[48;2;16;22;28m⣼[48;2;24;44;72m⠝⠃⠀⠀⠀⠀⠀⠀⠀⠀⠀⠀⠀⠀⠀⠀⠀⠀⠀⠀⠀⠀⠀⠀⠀⠀⠀⠀⠀[0m
[38;2;255;255;255m[48;2;24;44;72m⠀⠀⠀⠀⠀⠀⠀⠀⠀⠀⠀⠀⠀⠀⠀⠀⠀⠀⠀⠀⠀⠀⠀⠀⠀⠀⠀⠀⠀⠀⠀⠀⠀⠀[38;2;150;190;225m⠘[48;2;16;22;28m⡄⠀⠀⠀⠀⠀⠀⠀⠀⠀⠀⠀⠀⠀⠐[48;2;24;44;72m⡏[38;2;170;215;255mNorth Atlantic Ocean[38;2;150;190;225m⠻[38;2;255;255;255m[48;2;16;22;28m⢇[38;2;150;190;225m⣀[48;2;24;44;72m⣗⡠⡤⣿⢔⡿⠉⢾[38;2;200;200;200mT[48;2;16;22;28murkey[38;2;255;255;255m⠼⡛[38;2;150;190;225m[48;2;24;44;72m⠯[48;2;16;22;28m⡹[38;2;255;255;255m⠴⢤⣈⡦⠯⣏⣿⠀⠀⠀⠀⠀⠀⠀⠀⠀⠀⠀⠀⠀[38;2;150;190;225m[48;2;24;44;72m⢺⡿⢹⡟⡄⢀[48;2;16;22;28m⡤⢳[48;2;24;44;72m⠃⠀⠀⠀⠀⠀⠀⠀⠀⠀⠀⠀⠀⠀⠀⠀⠀⠀⠀⠀⠀⠀⠀⠀⠀⠀⠀⠀⠀[0m
[38;2;255;255;255m[48;2;24;44;72m⠀⠀⠀⠀⠀⠀⠀⠀⠀⠀⠀⠀⠀⠀⠀⠀⠀⠀⠀⠀⠀⠀⠀⠀⠀⠀⠀⠀⠀⠀⠀⠀⠀⠀⠀[38;2;150;190;225m⠈⠲[48;2;16;22;28m⣤[38;2;255;255;255m⣀⣠⢄⠀⠀⠀⠀⠀[38;2;150;190;225m⣀⠀[48;2;24;44;72m⡠⠊⠁⠀⠀⠀⠀⠀⠀⠀⠀⠀⠀⠀⠀⠀⠀⠀⠀⠀⠀⠀⠀[48;2;16;22;28m⡰⢃[38;2;255;255;255m⡭⠆⠀⠐⢝[48;2;24;44;72m⠦[38;2;150;190;225m⢄⣠⠤⣤⣀⣈[38;2;255;255;255m⣱[48;2;16;22;28m⣗⢎⡀⢣⠀⠀⠀⠘⡏⢀⡰⠃⡯⢹⣀⠀⠀⠀⠀⠀⠀⠀⠀⠀⠀⠀[38;2;150;190;225m⠈[48;2;24;44;72m⣣⠀⠉⣾⠟⠋⠉⠀⠀⠀⠀⠀⠀⠀⠀⠀⠀⠀⠀⠀⠀⠀⠀⠀⠀⠀⠀⠀⠀⠀⠀⠀⠀⠀⠀⠀[0m
[38;2;255;255;255m[48;2;24;44;72m⠀⠀⠀⠀⠀⠀⠀⠀⠀⠀[38;2;170;215;255mNorth Pacific Ocean⠀⠀⠀⠀⠀⠀⠀⠀[38;2;150;190;225m⠹[48;2;16;22;28m⣷⣄[38;2;255;255;255m⠈⠉⠱[38;2;150;190;225m[48;2;24;44;72m⡔⠉⠉⠀⠙⣵⠀⠀⠀⠀⠀⠀⠀⠀⠀⠀⠀⠀⠀⠀⠀⠀⠀⠀⠀⠀⢠[48;2;16;22;28m⢶[38;2;255;255;255m⣵⣍⠀⠀⠀⠀⣸⠀⠀[38;2;150;190;225m⠈⠀[38;2;255;255;255m⢹⠀[38;2;150;190;225m⠸[48;2;24;44;72m⡚[38;2;255;255;255m[48;2;16;22;28m⡍⠀⠈⠙[38;2;150;190;225m[48;2;24;44;72m⢫[48;2;16;22;28m⡢⣤⣀[38;2;255;255;255m⣿⣉⠠⡞⠀⠀⠛⠵⢶⣶⣎⣷⡆⠀⠀⠀⠀⠀[38;2;150;190;225m⢀[48;2;24;44;72m⣟⠀⠀⠀⠀⠀⠀⠀⠀⠀⠀⠀⠀⠀⠀⠀⠀⠀⠀⠀⠀⠀⠀⠀⠀⠀⠀⠀⠀⠀⠀⠀⠀⠀⠀⠀[0m
[38;2;255;255;255m[48;2;24;44;72m⠀⠀⠀⠀⠀⠀⠀⠀⠀⠀⠀⠀⠀⠀⠀⠀⠀⠀⠀⠀⠀⠀⠀⠀⠀⠀⠀⠀⠀⠀⠀⠀⠀⠀⠀⠀⠀⠀[38;2;150;190;225m⠈⠃[48;2;16;22;28m⢣⠀⠀[48;2;24;44;72m⡇⠀⡠⡤⠔⠲⢦⣄⣀⡀⠀⠀⠀⠀⠀⠀⠀⠀⠀⠀⠀⠀⠀⠀⠀⠀[48;2;16;22;28m⡿[38;2;255;255;255m⠏⠀⢣⠉⠒⣄⡠⠜⠑⢎⠒⠤⣸⠒⠒⠚[38;2;150;190;225m[48;2;24;44;72m⡎[48;2;16;22;28m⣆⠀⠀⠈[38;2;255;255;255m⢛⡏[38;2;150;190;225m[48;2;24;44;72m⡱⠀⠀[38;2;255;255;255m⠙[38;2;150;190;225m[48;2;16;22;28m⢥⠀⠀⠀⢀[48;2;24;44;72m⡬[38;2;255;255;255m⠞[48;2;16;22;28m⣏⠈⣣⢶[48;2;24;44;72m⡶[38;2;150;190;225m[48;2;16;22;28m⣤[48;2;24;44;72m⡔⠒⠉⠋⠀⠀⠀⠀⠀⠀⠀⠀⠀⠀⠀⠀⠀⠀⠀⠀⠀⠀⠀⠀⠀⠀⠀⠀⠀⠀⠀⠀⠀⠀⠀⠀⠀⠀⠀[0m
[38;2;255;255;255m[48;2;24;44;72m⠀⠀⠀⠀⠀⠀⠀⠀⠀⠀⠀⠀⠀⠀⠀⠀⠀⠀⠀⠀⠀⠀⠀⠀⠀⠀⠀⠀⠀⠀⠀⠀⠀⠀⠀⠀⠀⠀⠀⠀⠀[38;2;150;190;225m⠉⠒⠬[48;2;16;22;28m⢫[38;2;255;255;255m⣻[48;2;24;44;72m⣷⢤⠀⠀[38;2;150;190;225m⠈⠉⠉⠀⠀⠀⠀⠀⠀⠀⠀⠀⠀⠀⠀⠀⠀⠀⠠[38;2;255;255;255m[48;2;16;22;28m⣗⣢⠤⠼⣀⢤⢼⣀⣀⣠⡃⠀⢠⠇⠀⠀⠀⣾[48;2;24;44;72m⣌[48;2;16;22;28m⡗⣚[38;2;150;190;225m[48;2;24;44;72m⡭⠗⠋⠁⠀⠀⠀⠈[48;2;16;22;28m⢆⠀[48;2;24;44;72m⡔⠁⠀⠀⠘⢼[38;2;200;200;200m[48;2;16;22;28mVie[48;2;24;44;72mtnam[38;2;150;190;225m⣿⡀⠀⠀⠀⠀⠀⠀⠀⠀⠀⠀⠀⠀⠀⠀⠀⠀⠀⠀⠀⠀⠀⠀⠀⠀⠀⠀⠀⠀⠀⠀⠀⠀⠀⠀[0m
[38;2;255;255;255m[48;2;24;44;72m⠀⠀⠀⠀⠀⠀⠀⠀⠀⠀⠀⠀⠀⠀⠀⠀⠀⠀⠀⠀⠀⠀⠀⠀⠀⠀⠀⠀⠀⠀⠀⠀⠀⠀⠀⠀⠀⠀⠀⠀⠀⠀⠀⠀[38;2;200;200;200mAmeric[48;2;16;22;28mas[38;2;150;190;225m⠓⠒[48;2;24;44;72m⠲⣄⠀⠀⠀⠀⠀⠀⠀⠀⠀⠀⠀⠀⠀[38;2;255;255;255m⠙[48;2;16;22;28m⡽⣽⠚⢵⢺⡝⠀[38;2;200;200;200mAfrica[38;2;255;255;255m⠤⠾⡟⠁⠘⠻[38;2;150;190;225m⣒[48;2;24;44;72m⡾⠀⠀⠀⠀⠀⠀⠀⠘⣴⣇⠀⠀⠀⠀⠀⣯[38;2;255;255;255m⠑⠟[38;2;150;190;225m⠉⠀⢀⡀⢀⣥⡀⠀⠀⠀⠀⠀⠀⠀⠀⠀⠀⠀⠀⠀⠀⠀⠀⠀⠀⠀⠀⠀⠀⠀⠀⠀⠀⠀⠀⠀⠀⠀⠀⠀[0m
[38;2;255;255;255m[48;2;24;44;72m⠀⠀⠀⠀⠀⠀⠀⠀⠀⠀⠀⠀⠀⠀⠀⠀⠀⠀⠀⠀⠀⠀⠀⠀⠀⠀⠀⠀⠀⠀⠀⠀⠀⠀⠀⠀⠀⠀⠀⠀⠀⠀⠀⠀⠀⠀⠀⠀[38;2;150;190;225m⢀[48;2;16;22;28m⡜⠀⠀[38;2;255;255;255m⣹⣰⡜⣞⣯⣿[38;2;150;190;225m[48;2;24;44;72m⡆⠀⠀⠀⠀⠀⠀⠀⠀⠀⠀⠀[38;2;255;255;255m⠈[38;2;150;190;225m⠙[38;2;255;255;255m⠓⠓⠊⠉[38;2;150;190;225m⠓[38;2;255;255;255m[48;2;16;22;28m⣣⣥⣧⡖⠒⠚⠓⣦⢞⠣⢶⢒[38;2;150;190;225m[48;2;24;44;72m⠕⠁⠀⠀⠀⠀⠀⠀⠀⠀⠀⠉⠀⠀⠀⠀⠳⣌⣿⠀[38;2;255;255;255m⢀[38;2;150;190;225m[48;2;16;22;28m⣤[38;2;255;255;255m⡞[38;2;150;190;225m[48;2;24;44;72m⣟⣀⣉⣀⠀⠀⠀⠀⠀⠀⠀⠀⠀⠀⠀⠀⠀⠀⠀⠀⠀⠀⠀⠀⠀⠀⠀⠀⠀⠀⠀⠀⠀⠀⠀⠀⠀[0m
[38;2;255;255;255m[48;2;24;44;72m⠀⠀⠀⠀⠀⠀⠀⠀⠀⠀⠀⠀⠀⠀⠀⠀⠀⠀⠀⠀⠀⠀⠀⠀⠀⠀⠀⠀⠀⠀⠀⠀⠀⠀⠀⠀⠀⠀⠀⠀⠀⠀⠀⠀⠀⠀⠀⠀[38;2;150;190;225m[48;2;16;22;28m⣸[38;2;255;255;255m⡬⠓⣶⡇⠀⠀⠀⠀⠀[38;2;150;190;225m⠙⠉⠖[48;2;24;44;72m⠤⢄⡀⠀⠀⠀⠀⠀⠀⠀⠀⠀⠀⠀⠀⠀⠓[38;2;255;255;255m[48;2;16;22;28m⣼⡳⠁⠀⠀⢰⡿⠓⠤[48;2;24;44;72m⡼[38;2;150;190;225m⠁⠀⠀⠀⠀⠀⠀⠀⠀⠀⠀⠀⠀⠀⠀⠀⠀⠀⠉[48;2;16;22;28m⣞[48;2;24;44;72m⢦⠸⠤⣴⢱⣿⡃⠉⠺⣷[48;2;16;22;28m⣒⢲[48;2;24;44;72m⠤⡀⣀⡀⠀⠀⠀⠀⠀⠀⠀⠀⠀⠀⠀⠀⠀⠀⠀⠀⠀⠀⠀⠀⠀⠀⠀⠀⠀[0m
[38;2;255;255;255m[48;2;24;44;72m⠀⠀⠀⠀⠀⠀⠀⠀⠀⠀⠀⠀⠀⠀⠀⠀⠀⠀⠀⠀⠀⠀⠀⠀⠀⠀⠀⠀⠀⠀⠀⠀⠀⠀⠀⠀⠀⠀⠀⠀⠀⠀⠀⠀⠀⠀⠀⠀[38;2;150;190;225m⠙[48;2;16;22;28m⢄[38;2;255;255;255m⠘⢥⣀⢤⠀⠀⠀⠀⠀⠀⠀⠀[38;2;150;190;225m⢀[48;2;24;44;72m⠇⠀⠀⠀⠀⠀⠀⠀⠀⠀⠀⠀⠀⠀⠀⢹[38;2;255;255;255m[48;2;16;22;28m⠉⠚⢳⣀⣸⠳⣤⣈[38;2;150;190;225m[48;2;24;44;72m⣇⠀⠀⠀⠀⠀⠀⠀⠀⠀⠀⠀⠀⠀⠀⠀⠀⠀⠀⠀⠀⠙⠛⠛⠖⠈⠈⡤⠂⢀⡀⠘[38;2;255;255;255m[48;2;16;22;28m⠺[38;2;150;190;225m[48;2;24;44;72m⡶⠺⣯⠁⠀⠀⠀⠀⠀⠀⠀⠀⠀⠀⠀⠀⠀⠀⠀⠀⠀⠀⠀⠀⠀⠀⠀⠀⠀[0m
[38;2;255;255;255m[48;2;24;44;72m⠀⠀⠀⠀⠀⠀⠀⠀⠀⠀⠀⠀⠀⠀⠀⠀[38;2;150;190;225m⣠⠀⠀⠀⠀⠀⠀⠀⠀⠀⠀⠀⠀⠀⠀⠀⠀⠀⠀⠀⠀⠀⠀⠀⠀⠀⠀⠀⠀⠀⠀⠀⠀⠘[48;2;16;22;28m⢢⣀[38;2;255;255;255m⡇⠈⠑⣆⠀⠀⠀⠀⠀⠀[38;2;150;190;225m[48;2;24;44;72m⡇⠀⠀⠀⠀⠀⠀⠀⠀⠀⠀⠀⠀⠀⠀⠀[48;2;16;22;28m⣜[38;2;255;255;255m⣀⡀⢸⣉⢹⠷⣻[38;2;150;190;225m⢀[48;2;24;44;72m⡜⢠[48;2;16;22;28m⠔[48;2;24;44;72m⡵⠀⠀⠀⠀⠀⠀⠀⠀⠀⠀⠀⠀⠀⠀⠀⠀⠀⠀⠀⠀⠀⠀⢀[48;2;16;22;28m⡔[48;2;24;44;72m⠢[48;2;16;22;28m⠏⠹[48;2;24;44;72m⢇[48;2;16;22;28m⣸⠙[48;2;24;44;72m⡄⠀⠀⠀⠀⠀[38;2;200;200;200mOceania⠀⠀⠀⠀⠀⠀⠀⠀⠀⠀⠀⠀⠀⠀⠀[0m
[38;2;255;255;255m[48;2;24;44;72m⠀⠀⠀⠀⠀⠀⠀⠀⠀⠀⠀⠀⠀⠀⠀⠀[38;2;150;190;225m⢸⠀⠀⠀⠀⠀⠀⠀⠀⠀⠀⠀⠀⠀⠀⠀⠀⠀⠀⠀⠀⠀⠀⠀⠀⠀⠀⠀⠀⠀⠀⠀[38;2;200;200;200mSout[48;2;16;22;28mh America[38;2;150;190;225m[48;2;24;44;72m⡜⠀⠀⠀⠀⠀⠀⠀⠀⠀⠀⠀⠀⠀⠀⠀⠀⠹[48;2;16;22;28m⡄[38;2;255;255;255m⢨⠏⠙⡧⣰[38;2;150;190;225m[48;2;24;44;72m⢱⠁⠀[48;2;16;22;28m⡼⢀[48;2;24;44;72m⠇⠀⠀⠀⠀⠀⠀⠀⠀⠀⠀⠀⠀⠀⠀⠀⠀⠀⠀⠀⢀⡤[48;2;16;22;28m⠔⠊⠀⠀⠀⠀⠀⠀⠀⠉[48;2;24;44;72m⢦⠀⠀⠀⠀⠀⠀⠀⠀⠀⠀⠀⠀⠀⠀⠀⠀⠀⠀⠀⠀⠀⠀⠀⠀⠀⠀[0m
[38;2;255;255;255m[48;2;24;44;72m⠀⠀⠀⠀⠀⠀⠀⠀⠀⠀⠀⠀⠀⠀⠀⠀[38;2;150;190;225m⢸⠀⠀⠀⠀⠀⠀⠀⠀⠀⠀⠀⠀⠀⠀⠀⠀⠀⠀⠀⠀⠀⠀⠀⠀⠀⠀⠀⠀⠀⠀⠀⠀⠀⠀⢸[38;2;255;255;255m[48;2;16;22;28m⡸⠀⠈⠱⢾⠇[38;2;150;190;225m[48;2;24;44;72m⢰⠉⠀⠀⠀⠀⠀⠀⠀⠀⠀⠀⠀⠀⠀⠀⠀⠀⠀⠀⠀[48;2;16;22;28m⢇[38;2;255;255;255m⣸⠖⠚⣀⢾[38;2;150;190;225m[48;2;24;44;72m⠏⠀⠀⠘⠊⠀⠀⠀⠀⠀⠀⠀⠀⠀⠀⠀⠀⠀⠀⠀⠀⠀⠀⠀⠀⠘[48;2;16;22;28m⡆⠀⠀⠀⠀⠀⠀⠀⠀⠀⠀⠀[48;2;24;44;72m⢱⠀⠀⠀⠀⠀⠀⠀⠀⠀⠀⠀⠀⠀⠀⠀⠀⠀⠀⠀⠀⠀⠀⠀⠀⠀[0m
[38;2;255;255;255m[48;2;24;44;72m⠀⠀⠀⠀⠀⠀⠀⠀⠀⠀⠀⠀⠀⠀⠀⠀[38;2;150;190;225m⢸⠀⠀⠀⠀⠀⠀⠀⠀⠀⠀⠀⠀⠀⠀⠀⠀⠀⠀⠀⠀⠀⠀⠀⠀⠀⠀⠀⠀⠀⠀⠀⠀⠀⠀⢸[38;2;255;255;255m[48;2;16;22;28m⡅⠀⠀⢠⠓[48;2;24;44;72m⣤[38;2;150;190;225m⠊⠀⠀⠀⠀⠀⠀⠀⠀⠀⠀⠀⠀⠀⠀⠀⠀⠀⠀⠀⠀⠀[48;2;16;22;28m⡇⣀⣀[38;2;255;255;255m[48;2;24;44;72m⡫[38;2;150;190;225m⠊⠀⠀⠀⠀⠀⠀⠀⠀⠀⠀⠀⠀⠀⠀⠀⠀⠀⠀⠀⠀⠀⠀⠀⠀⠀⠀[48;2;16;22;28m⣳⢀⣀[48;2;24;44;72m⡤⠔⠒[48;2;16;22;28m⢤⣠⠀⠀⠀⠀[48;2;24;44;72m⡜⠀⠀⠀⠀⠀⠀⠀⠀⠀⠀⠀⠀⠀⠀⠀⠀⠀⠀⠀⠀⠀⠀⠀⠀⠀[0m
[38;2;255;255;255m[48;2;24;44;72m⠀⠀⠀⠀⠀⠀⠀⠀⠀⠀⠀⠀⠀⠀⠀⠀[38;2;150;190;225m⢸⠀⠀⠀⠀⠀⠀⠀⠀⠀⠀⠀⠀⠀⠀⠀⠀⠀⠀⠀⠀⠀⠀⠀⠀⠀⠀⠀⠀⠀⠀⠀⠀⠀⠠[38;2;255;255;255m[48;2;16;22;28m⣿⠀⠀[38;2;150;190;225m⢀[48;2;24;44;72m⡨⠋⠀⠀⠀⠀⠀⠀⠀⠀⠀⠀⠀⠀⠀⠀⠀⠀⠀⠀⠀⠀⠀⠀⠀⠈⠀⠀⠀⠀⠀⠀⠀⠀⠀⠀⠀⠀⠀⠀⠀⠀⠀⠀⠀⠀⠀⠀⠀⠀⠀⠀⠀⠀⠀⠀⠈⠉⠀⠀⠀⠀⠈⠉⠦[48;2;16;22;28m⣠[48;2;24;44;72m⡤⠼⠀⠀⠀⠀⠀⠀⠈⣳⣤⠀⠀⠀⠀⠀⠀⠀⠀⠀⠀⠀⠀⠀⠀⠀⠀⠀[0m
[38;2;255;255;255m[48;2;24;44;72m⠀⠀⠀⠀⠀⠀⠀⠀⠀⠀⠀⠀⠀⠀⠀⠀[38;2;150;190;225m⢸⠀⠀⠀⠀⠀⠀⠀⠀⠀⠀⠀⠀⠀⠀⠀⠀⠀⠀⠀⠀⠀⠀⠀⠀⠀⠀⠀⠀⠀⠀⠀⠀⠀⢸[38;2;255;255;255m[48;2;16;22;28m⣎⠀[38;2;150;190;225m[48;2;24;44;72m⢰⠞⠀⠀⠀⠀⠀⠀⠀⠀⠀⠀⠀⠀⠀⠀⠀⠀⠀⠀⠀⠀⠀⠀⠀⠀⠀⠀⠀⠀⠀⠀⠀⠀⠀⠀⠀⠀⠀⠀⠀⠀⠀⠀⠀⠀⠀⠀⠀⠀⠀⠀⠀⠀⠀⠀⠀⠀⠀⠀⠀⠀⠀⠀⠀⠀⠀⠐⣶⠆⠀[38;2;200;200;200mNew Zealand⠀⠀⠀⠀⠀⠀⠀⠀⠀⠀⠀⠀⠀⠀[0m
[38;2;255;255;255m[48;2;24;44;72m⠀⠀⠀⠀⠀⠀⠀⠀⠀⠀⠀⠀⠀⠀⠀⠀[38;2;150;190;225m⢸⠀⠀⠀⠀⠀⠀[38;2;170;215;255mSouth Pacific Ocean⠀⠀⠀⠀⠀⠀⠀⠀[38;2;150;190;225m[48;2;16;22;28m⡼[38;2;255;255;255m⡝[38;2;150;190;225m⠰[48;2;24;44;72m⡅⠀⠀⠀⠀⠀[38;2;170;215;255mSouth Atlantic Ocean⠀⠀⠀⠀⠀⠀⠀⠀⠀⠀⠀⠀⠀⠀⠀⠀⠀⠀⠀⠀⠀⠀⠀⠀⠀⠀⠀⠀⠀⠀⠀⠀⠀⠀⠀⠀⠀⠀⠀⠀⠀⠀⠀⠀⠀⠀⠀⠀[38;2;150;190;225m⠐⠭⠊⠀⠀⠀⠀⠀⠀⠀⠀⠀⠀⠀⠀⠀⠀⠀⠀⠀⠀⠀[0m
[38;2;255;255;255m[48;2;24;44;72m⠀⠀⠀⠀⠀⠀⠀⠀⠀⠀⠀⠀⠀⠀⠀⠀[38;2;150;190;225m⢸⠀⠀⠀⠀⠀⠀⠀⠀⠀⠀⠀⠀⠀⠀⠀⠀⠀⠀⠀⠀⠀⠀⠀⠀⠀⠀⠀⠀⠀⠀⠀⠀⠀[48;2;16;22;28m⡟[38;2;255;255;255m⣅[38;2;150;190;225m[48;2;24;44;72m⡞⠀⢀⣤⠀⠀⠀⠀⠀⠀⠀⠀⠀⠀⠀⠀⠀⠀⠀⠀⠀⠀⠀⠀⠀⠀⠀⠀⠀⠀⠀⠀⠀⠀⠀⠀⠀⠀⠀⠀⠀⠀⠀⠀⠘⠃⠀⠀⠀⠀⠀⠀⠀⠀⠀⠀⠀⠀⠀⠀⠀⠀⠀⠀⠀⠀⠀⠀⠀⠀⠀⠀⠀⠀⠀⠀⠀⠀⠀⠀⠀⠀⠀⠀⠀⠀⠀⠀⠀⠀⠀⠀⠀⠀⠀⠀⠀[0m
[38;2;255;255;255m[48;2;24;44;72m⠀⠀⠀⠀⠀⠀⠀⠀⠀⠀⠀⠀⠀⠀⠀⠀[38;2;150;190;225m⢸⠀⠀⠀⠀⠀⠀⠀⠀⠀⠀⠀⠀⠀⠀⠀⠀⠀⠀⠀⠀⠀⠀⠀⠀⠀⠀⠀⠀⠀⠀⠀⠀⠀⠘[48;2;16;22;28m⠾[48;2;24;44;72m⣿⡤⠀⠀⠀⠀⠀⠀⠀⠀⠀⠀⠀⠀⠀⠀⠀⠀⠀⠀⠀⠀⠀⠀⠀⠀⠀⠀⠀⠀⠀⠀⠀⠀⠀⠀⠀⠀⠀⠀⠀⠀⠀⠀⠀[38;2;160;160;160mOpenFreeMap (c) OpenMapTiles Data from OpenStreetMap[0m
