[38;2;255;255;255;48;2;16;22;28m  alert colours: dark ground, truecolor                                                             [0m
[38;2;255;255;255;48;2;16;22;28m  [38;2;255;110;200;48;2;16;22;28m┌──────────────┐[38;2;255;255;255;48;2;16;22;28m  [38;2;255;128;80;48;2;16;22;28m┌──────────────┐[38;2;255;255;255;48;2;16;22;28m  [38;2;255;214;90;48;2;16;22;28m┌──────────────┐[38;2;255;255;255;48;2;16;22;28m  [38;2;87;239;176;48;2;16;22;28m┌──────────────┐[38;2;255;255;255;48;2;16;22;28m  [38;2;226;230;239;48;2;16;22;28m┌──────────────┐[38;2;255;255;255;48;2;16;22;28m  [38;2;255;255;255;48;2;24;44;72m  water   [0m
[38;2;255;255;255;48;2;16;22;28m  [38;2;255;110;200;48;2;109;31;112m│[38;2;255;255;255;48;2;109;31;112m              [38;2;255;110;200;48;2;109;31;112m│[38;2;255;255;255;48;2;16;22;28m  [38;2;255;128;80;48;2;112;36;28m│[38;2;255;255;255;48;2;112;36;28m              [38;2;255;128;80;48;2;112;36;28m│[38;2;255;255;255;48;2;16;22;28m  [38;2;255;214;90;48;2;104;78;18m│[38;2;255;255;255;48;2;104;78;18m              [38;2;255;214;90;48;2;104;78;18m│[38;2;255;255;255;48;2;16;22;28m  [38;2;87;239;176;48;2;33;86;97m│[38;2;255;255;255;48;2;33;86;97m              [38;2;87;239;176;48;2;33;86;97m│[38;2;255;255;255;48;2;16;22;28m  [38;2;226;230;239;48;2;107;105;101m│[38;2;255;255;255;48;2;107;105;101m              [38;2;226;230;239;48;2;107;105;101m│[38;2;255;255;255;48;2;16;22;28m  [38;2;255;255;255;48;2;24;44;72m  water   [0m
[38;2;255;255;255;48;2;16;22;28m  [38;2;255;110;200;48;2;109;31;112m│[38;2;255;255;255;48;2;109;31;112m   EXTREME    [38;2;255;110;200;48;2;109;31;112m│[38;2;255;255;255;48;2;16;22;28m  [38;2;255;128;80;48;2;112;36;28m│[38;2;255;255;255;48;2;112;36;28m    SEVERE    [38;2;255;128;80;48;2;112;36;28m│[38;2;255;255;255;48;2;16;22;28m  [38;2;255;214;90;48;2;104;78;18m│[38;2;255;255;255;48;2;104;78;18m   MODERATE   [38;2;255;214;90;48;2;104;78;18m│[38;2;255;255;255;48;2;16;22;28m  [38;2;87;239;176;48;2;33;86;97m│[38;2;255;255;255;48;2;33;86;97m    MINOR     [38;2;87;239;176;48;2;33;86;97m│[38;2;255;255;255;48;2;16;22;28m  [38;2;226;230;239;48;2;107;105;101m│[38;2;255;255;255;48;2;107;105;101m   UNKNOWN    [38;2;226;230;239;48;2;107;105;101m│[38;2;255;255;255;48;2;16;22;28m  [38;2;255;255;255;48;2;24;44;72m  water   [0m
[38;2;255;255;255;48;2;16;22;28m  [38;2;255;110;200;48;2;109;31;112m│[38;2;255;255;255;48;2;109;31;112m              [38;2;255;110;200;48;2;109;31;112m│[38;2;255;255;255;48;2;16;22;28m  [38;2;255;128;80;48;2;112;36;28m│[38;2;255;255;255;48;2;112;36;28m              [38;2;255;128;80;48;2;112;36;28m│[38;2;255;255;255;48;2;16;22;28m  [38;2;255;214;90;48;2;104;78;18m│[38;2;255;255;255;48;2;104;78;18m              [38;2;255;214;90;48;2;104;78;18m│[38;2;255;255;255;48;2;16;22;28m  [38;2;87;239;176;48;2;33;86;97m│[38;2;255;255;255;48;2;33;86;97m              [38;2;87;239;176;48;2;33;86;97m│[38;2;255;255;255;48;2;16;22;28m  [38;2;226;230;239;48;2;107;105;101m│[38;2;255;255;255;48;2;107;105;101m              [38;2;226;230;239;48;2;107;105;101m│[38;2;255;255;255;48;2;16;22;28m  [38;2;255;255;255;48;2;24;44;72m  water   [0m
[38;2;255;255;255;48;2;16;22;28m  [38;2;255;110;200;48;2;16;22;28m└──────────────┘[38;2;255;255;255;48;2;16;22;28m  [38;2;255;128;80;48;2;16;22;28m└──────────────┘[38;2;255;255;255;48;2;16;22;28m  [38;2;255;214;90;48;2;16;22;28m└──────────────┘[38;2;255;255;255;48;2;16;22;28m  [38;2;87;239;176;48;2;16;22;28m└──────────────┘[38;2;255;255;255;48;2;16;22;28m  [38;2;226;230;239;48;2;16;22;28m└──────────────┘[38;2;255;255;255;48;2;16;22;28m  [38;2;255;255;255;48;2;24;44;72m  water   [0m
[38;2;255;255;255;48;2;16;22;28m                                                                                                    [0m
[38;2;0;0;0;48;2;245;245;240m  alert colours: light ground, truecolor                                                            [0m
[38;2;0;0;0;48;2;245;245;240m  [38;2;107;10;109;48;2;245;245;240m┌──────────────┐[38;2;0;0;0;48;2;245;245;240m  [38;2;168;36;8;48;2;245;245;240m┌──────────────┐[38;2;0;0;0;48;2;245;245;240m  [38;2;121;91;66;48;2;245;245;240m┌──────────────┐[38;2;0;0;0;48;2;245;245;240m  [38;2;30;91;94;48;2;245;245;240m┌──────────────┐[38;2;0;0;0;48;2;245;245;240m  [38;2;49;49;50;48;2;245;245;240m┌──────────────┐[38;2;0;0;0;48;2;245;245;240m  [38;2;0;0;0;48;2;196;220;240m  water   [0m
[38;2;0;0;0;48;2;245;245;240m  [38;2;107;10;109;48;2;224;137;202m│[38;2;0;0;0;48;2;224;137;202m              [38;2;107;10;109;48;2;224;137;202m│[38;2;0;0;0;48;2;245;245;240m  [38;2;168;36;8;48;2;255;190;165m│[38;2;0;0;0;48;2;255;190;165m              [38;2;168;36;8;48;2;255;190;165m│[38;2;0;0;0;48;2;245;245;240m  [38;2;121;91;66;48;2;255;228;124m│[38;2;0;0;0;48;2;255;228;124m              [38;2;121;91;66;48;2;255;228;124m│[38;2;0;0;0;48;2;245;245;240m  [38;2;30;91;94;48;2;142;205;255m│[38;2;0;0;0;48;2;142;205;255m              [38;2;30;91;94;48;2;142;205;255m│[38;2;0;0;0;48;2;245;245;240m  [38;2;49;49;50;48;2;184;187;184m│[38;2;0;0;0;48;2;184;187;184m              [38;2;49;49;50;48;2;184;187;184m│[38;2;0;0;0;48;2;245;245;240m  [38;2;0;0;0;48;2;196;220;240m  water   [0m
[38;2;0;0;0;48;2;245;245;240m  [38;2;107;10;109;48;2;224;137;202m│[38;2;0;0;0;48;2;224;137;202m   EXTREME    [38;2;107;10;109;48;2;224;137;202m│[38;2;0;0;0;48;2;245;245;240m  [38;2;168;36;8;48;2;255;190;165m│[38;2;0;0;0;48;2;255;190;165m    SEVERE    [38;2;168;36;8;48;2;255;190;165m│[38;2;0;0;0;48;2;245;245;240m  [38;2;121;91;66;48;2;255;228;124m│[38;2;0;0;0;48;2;255;228;124m   MODERATE   [38;2;121;91;66;48;2;255;228;124m│[38;2;0;0;0;48;2;245;245;240m  [38;2;30;91;94;48;2;142;205;255m│[38;2;0;0;0;48;2;142;205;255m    MINOR     [38;2;30;91;94;48;2;142;205;255m│[38;2;0;0;0;48;2;245;245;240m  [38;2;49;49;50;48;2;184;187;184m│[38;2;0;0;0;48;2;184;187;184m   UNKNOWN    [38;2;49;49;50;48;2;184;187;184m│[38;2;0;0;0;48;2;245;245;240m  [38;2;0;0;0;48;2;196;220;240m  water   [0m
[38;2;0;0;0;48;2;245;245;240m  [38;2;107;10;109;48;2;224;137;202m│[38;2;0;0;0;48;2;224;137;202m              [38;2;107;10;109;48;2;224;137;202m│[38;2;0;0;0;48;2;245;245;240m  [38;2;168;36;8;48;2;255;190;165m│[38;2;0;0;0;48;2;255;190;165m              [38;2;168;36;8;48;2;255;190;165m│[38;2;0;0;0;48;2;245;245;240m  [38;2;121;91;66;48;2;255;228;124m│[38;2;0;0;0;48;2;255;228;124m              [38;2;121;91;66;48;2;255;228;124m│[38;2;0;0;0;48;2;245;245;240m  [38;2;30;91;94;48;2;142;205;255m│[38;2;0;0;0;48;2;142;205;255m              [38;2;30;91;94;48;2;142;205;255m│[38;2;0;0;0;48;2;245;245;240m  [38;2;49;49;50;48;2;184;187;184m│[38;2;0;0;0;48;2;184;187;184m              [38;2;49;49;50;48;2;184;187;184m│[38;2;0;0;0;48;2;245;245;240m  [38;2;0;0;0;48;2;196;220;240m  water   [0m
[38;2;0;0;0;48;2;245;245;240m  [38;2;107;10;109;48;2;245;245;240m└──────────────┘[38;2;0;0;0;48;2;245;245;240m  [38;2;168;36;8;48;2;245;245;240m└──────────────┘[38;2;0;0;0;48;2;245;245;240m  [38;2;121;91;66;48;2;245;245;240m└──────────────┘[38;2;0;0;0;48;2;245;245;240m  [38;2;30;91;94;48;2;245;245;240m└──────────────┘[38;2;0;0;0;48;2;245;245;240m  [38;2;49;49;50;48;2;245;245;240m└──────────────┘[38;2;0;0;0;48;2;245;245;240m  [38;2;0;0;0;48;2;196;220;240m  water   [0m
[38;2;0;0;0;48;2;245;245;240m                                                                                                    [0m
[38;5;231;48;5;233m  alert colours: dark ground, 256 colours                                                           [0m
[38;5;231;48;5;233m  [38;5;206;48;5;233m┌──────────────┐[38;5;231;48;5;233m  [38;5;209;48;5;233m┌──────────────┐[38;5;231;48;5;233m  [38;5;221;48;5;233m┌──────────────┐[38;5;231;48;5;233m  [38;5;85;48;5;233m┌──────────────┐[38;5;231;48;5;233m  [38;5;254;48;5;233m┌──────────────┐[38;5;231;48;5;233m  [38;5;231;48;5;236m  water   [0m
[38;5;231;48;5;233m  [38;5;206;48;5;53m│[38;5;231;48;5;53m              [38;5;206;48;5;53m│[38;5;231;48;5;233m  [38;5;209;48;5;52m│[38;5;231;48;5;52m              [38;5;209;48;5;52m│[38;5;231;48;5;233m  [38;5;221;48;5;94m│[38;5;231;48;5;94m              [38;5;221;48;5;94m│[38;5;231;48;5;233m  [38;5;85;48;5;25m│[38;5;231;48;5;25m              [38;5;85;48;5;25m│[38;5;231;48;5;233m  [38;5;254;48;5;241m│[38;5;231;48;5;241m              [38;5;254;48;5;241m│[38;5;231;48;5;233m  [38;5;231;48;5;236m  water   [0m
[38;5;231;48;5;233m  [38;5;206;48;5;53m│[38;5;231;48;5;53m   EXTREME    [38;5;206;48;5;53m│[38;5;231;48;5;233m  [38;5;209;48;5;52m│[38;5;231;48;5;52m    SEVERE    [38;5;209;48;5;52m│[38;5;231;48;5;233m  [38;5;221;48;5;94m│[38;5;231;48;5;94m   MODERATE   [38;5;221;48;5;94m│[38;5;231;48;5;233m  [38;5;85;48;5;25m│[38;5;231;48;5;25m    MINOR     [38;5;85;48;5;25m│[38;5;231;48;5;233m  [38;5;254;48;5;241m│[38;5;231;48;5;241m   UNKNOWN    [38;5;254;48;5;241m│[38;5;231;48;5;233m  [38;5;231;48;5;236m  water   [0m
[38;5;231;48;5;233m  [38;5;206;48;5;53m│[38;5;231;48;5;53m              [38;5;206;48;5;53m│[38;5;231;48;5;233m  [38;5;209;48;5;52m│[38;5;231;48;5;52m              [38;5;209;48;5;52m│[38;5;231;48;5;233m  [38;5;221;48;5;94m│[38;5;231;48;5;94m              [38;5;221;48;5;94m│[38;5;231;48;5;233m  [38;5;85;48;5;25m│[38;5;231;48;5;25m              [38;5;85;48;5;25m│[38;5;231;48;5;233m  [38;5;254;48;5;241m│[38;5;231;48;5;241m              [38;5;254;48;5;241m│[38;5;231;48;5;233m  [38;5;231;48;5;236m  water   [0m
[38;5;231;48;5;233m  [38;5;206;48;5;233m└──────────────┘[38;5;231;48;5;233m  [38;5;209;48;5;233m└──────────────┘[38;5;231;48;5;233m  [38;5;221;48;5;233m└──────────────┘[38;5;231;48;5;233m  [38;5;85;48;5;233m└──────────────┘[38;5;231;48;5;233m  [38;5;254;48;5;233m└──────────────┘[38;5;231;48;5;233m  [38;5;231;48;5;236m  water   [0m
[38;5;231;48;5;233m                                                                                                    [0m
[38;5;16;48;5;255m  alert colours: light ground, 256 colours                                                          [0m
[38;5;16;48;5;255m  [38;5;53;48;5;255m┌──────────────┐[38;5;16;48;5;255m  [38;5;124;48;5;255m┌──────────────┐[38;5;16;48;5;255m  [38;5;130;48;5;255m┌──────────────┐[38;5;16;48;5;255m  [38;5;23;48;5;255m┌──────────────┐[38;5;16;48;5;255m  [38;5;236;48;5;255m┌──────────────┐[38;5;16;48;5;255m  [38;5;16;48;5;189m  water   [0m
[38;5;16;48;5;255m  [38;5;53;48;5;206m│[38;5;16;48;5;206m              [38;5;53;48;5;206m│[38;5;16;48;5;255m  [38;5;124;48;5;217m│[38;5;16;48;5;217m              [38;5;124;48;5;217m│[38;5;16;48;5;255m  [38;5;130;48;5;222m│[38;5;16;48;5;222m              [38;5;130;48;5;222m│[38;5;16;48;5;255m  [38;5;23;48;5;111m│[38;5;16;48;5;111m              [38;5;23;48;5;111m│[38;5;16;48;5;255m  [38;5;236;48;5;247m│[38;5;16;48;5;247m              [38;5;236;48;5;247m│[38;5;16;48;5;255m  [38;5;16;48;5;189m  water   [0m
[38;5;16;48;5;255m  [38;5;53;48;5;206m│[38;5;16;48;5;206m   EXTREME    [38;5;53;48;5;206m│[38;5;16;48;5;255m  [38;5;124;48;5;217m│[38;5;16;48;5;217m    SEVERE    [38;5;124;48;5;217m│[38;5;16;48;5;255m  [38;5;130;48;5;222m│[38;5;16;48;5;222m   MODERATE   [38;5;130;48;5;222m│[38;5;16;48;5;255m  [38;5;23;48;5;111m│[38;5;16;48;5;111m    MINOR     [38;5;23;48;5;111m│[38;5;16;48;5;255m  [38;5;236;48;5;247m│[38;5;16;48;5;247m   UNKNOWN    [38;5;236;48;5;247m│[38;5;16;48;5;255m  [38;5;16;48;5;189m  water   [0m
[38;5;16;48;5;255m  [38;5;53;48;5;206m│[38;5;16;48;5;206m              [38;5;53;48;5;206m│[38;5;16;48;5;255m  [38;5;124;48;5;217m│[38;5;16;48;5;217m              [38;5;124;48;5;217m│[38;5;16;48;5;255m  [38;5;130;48;5;222m│[38;5;16;48;5;222m              [38;5;130;48;5;222m│[38;5;16;48;5;255m  [38;5;23;48;5;111m│[38;5;16;48;5;111m              [38;5;23;48;5;111m│[38;5;16;48;5;255m  [38;5;236;48;5;247m│[38;5;16;48;5;247m              [38;5;236;48;5;247m│[38;5;16;48;5;255m  [38;5;16;48;5;189m  water   [0m
[38;5;16;48;5;255m  [38;5;53;48;5;255m└──────────────┘[38;5;16;48;5;255m  [38;5;124;48;5;255m└──────────────┘[38;5;16;48;5;255m  [38;5;130;48;5;255m└──────────────┘[38;5;16;48;5;255m  [38;5;23;48;5;255m└──────────────┘[38;5;16;48;5;255m  [38;5;236;48;5;255m└──────────────┘[38;5;16;48;5;255m  [38;5;16;48;5;189m  water   [0m
[38;5;16;48;5;255m                                                                                                    [0m
