[38;2;190;190;190m[48;2;16;22;28m⢸⠀⠀⠀⠀⠀⠀⠀⠀⠀⠀⠀⠀⠀⠀⠀⠀⠀⠀⠀⠀⠀⠀⠀[38;2;255;214;90m⣀⣀⣀⣀⣀⣀⣀⣇⣀⣀⣀⣀⣀⣀⠀⠀⠀⠀⠀⠀⠀⠀⠀⠀⠀⠀[38;2;120;160;200m⠈[38;2;170;215;255m⠳⡀⠀⠀⠀⠀⠀⠀⠀⠀⠀⠀[38;2;190;190;190m⣼⠤⠤⠤⠤⠤⠤⠤⠤⠤⠤⠤⠤⠤⠤⠤⠤⠤⠤⠤⠤⠤⠤⢇⠀⠀⠀⠀⠀⠀⠀⠀⠀⠀⠀⠀⠀⠀[38;2;120;160;200m[48;2;24;44;72m⡎⠀⠀[38;2;190;190;190m⡇⠀[38;2;120;160;200m⠘[48;2;16;22;28m⡄⠀⠀[38;2;200;200;200mMichigan[38;2;120;160;200m⠉⠃⠀⠀⠀[48;2;24;44;72m⢱⠀[38;2;255;255;255m⡜⠀[38;2;120;160;200m[48;2;16;22;28m⡜⠀⠀⠀⠀⠀⠀[38;2;255;255;255mTo[48;2;24;44;72mronto⠉⣉⡉⠉⠉⠉⠉⠉[0m
[38;2;190;190;190m[48;2;16;22;28m⢸⠀⠀⠀⠀⠀⠀⠀⠀⠀⠀⠀⠀[38;2;200;200;200mWyoming⠀[38;2;255;214;90m[48;2;104;78;18m⡠⠒⠉⠀⠀⠀⠀⠀⠀⠀[38;2;190;190;190m⡇⠀⠀⠀⠀⠀⠀[38;2;255;214;90m⠉⠑[48;2;16;22;28m⡄⠀⠀⠀⠀⠀⠀⠀⠀⠀⠀⠀[38;2;170;215;255m⠈[38;2;120;160;200m⠷[38;2;170;215;255m⣄⠀⠀⠀⠀⠀⠀⠀⠀[38;2;190;190;190m⢳⠀⠀⠀⠀⠀⠀⠀⠀⠀⠀⠀⠀⠀⠀⠀⠀⠀⠀⠀⠀⠀⠀⢠⠃⠀⠀⠀⠀⠀⠀⠀⠀⠀⠀⠀⠀[38;2;120;160;200m[48;2;24;44;72m⢸⠀⠀⠀[38;2;190;190;190m⡇⠀⠀[38;2;120;160;200m⠸[48;2;16;22;28m⡀⠀⠀⠀⠀⠀⠀⠀⠀⠀⠀⠀⠀⠀⠀⠈[38;2;255;255;255m[48;2;24;44;72m⣞[38;2;120;160;200m⡠[48;2;16;22;28m⠔⠁⠀⠀⠀⠀⠀⠀⠀⠈⠒[48;2;24;44;72m⠢[38;2;255;255;255m[48;2;16;22;28m⢼[38;2;120;160;200m⣒⠉⠉⠀⠈⠉⠒⠊⠑⠉[0m
[38;2;190;190;190m[48;2;16;22;28m⢸⠀⠀⠀⠀⠀⠀⠀⠀⠀⠀⠀⠀⠀⠀⠀⠀⠀⠀⠀[38;2;255;214;90m[48;2;104;78;18m⡜⠀⠀⠀⠀⠀⠀⠀⠀⠀⠀[38;2;190;190;190m⡏⠉⠉⠉⠉⠉⠉⠉⠉[38;2;255;214;90m⠹[48;2;16;22;28m⡉[38;2;190;190;190m⠉⠉⠉⠉⠉⠉⠉⠉⠉⠉⠉⠉⠉⠛⠲⠴⠶⠤⢦⣄⡀⡇⠀⠀⠀⠀⠀⠀⠀⠀⠀⠀⠀⠀⠀⠀⠀⠀⠀⠀⠀⠀⠀⠀⠘⣆⠀⠀⠀⠀⠀⠀⠀⠀⠀⠀⠀⠀[38;2;120;160;200m⠘[48;2;24;44;72m⡄⠀⠀[38;2;190;190;190m⢱⠀⠀[38;2;120;160;200m⢀[48;2;16;22;28m⠇⠀⠀⠀⠀⠀⠀⠀⠀⠀⠀⠀⠀⠀⠀⠀[38;2;255;255;255m⡇⠀⠀⠀⠀⠀⠀⠀⠀[38;2;120;160;200m⢀[48;2;24;44;72m⠤⠤⠤⢒[38;2;255;255;255m⡤[38;2;120;160;200m[48;2;16;22;28m⡷⠀⠀⠀⠀⠀⠀⠀⠀⠀[0m
[38;2;190;190;190m[48;2;16;22;28m⢸⠀⠀⠀⠀⠀⠀⠀⠀⠀⠀⠀⠀⠀⠀⠀⠀⠀⠀⠀[38;2;255;214;90m[48;2;104;78;18m⡇⠀⠀⠀⠀⠀⠀⠀⠀⠀⠀[38;2;190;190;190m⡇⠀⠀⠀⠀⠀⠀⠀⠀⠀[38;2;255;214;90m[48;2;16;22;28m⡇⠀⠀⠀⠀⠀⠀⠀⠀⠀⠀⠀⠀⠀⠀⠀⠀⠀⠀⠀⠀[38;2;170;215;255m⠙[38;2;190;190;190m⢾⡄⠀⠀⠀⠀⠀⠀⠀⠀⠀⠀⠀⠀⠀⠀⠀⠀⠀⠀⠀⠀⠀⠀⠀⠩⣦⠤⠤⠤⠤⠤⠤⠤⠤⠤⠤⠤[38;2;120;160;200m[48;2;24;44;72m⡧[38;2;190;190;190m⠤⠤⢼⠀⠀[38;2;120;160;200m⢸[48;2;16;22;28m⠀⠀⠀⠀⠀⠀⠀⠀⠀⠀⠀⠀⠀⠀[48;2;24;44;72m⡼⠫[48;2;16;22;28m⡄⠀⠀[48;2;24;44;72m⡔⠊⠉⠉⠉⢚⣛⡲[38;2;255;255;255m⢴⢊[38;2;120;160;200m[48;2;16;22;28m⡡⠊⠀⠀⠀⠀⠀⠀⠀⠀⠀⠀[0m
[38;2;190;190;190m[48;2;16;22;28m⢸⠀⠀⠀⠀⠀⠀⠀⠀⠀⠀⠀⠀⠀⠀⠀⠀⠀⠀⠀[38;2;255;214;90m[48;2;104;78;18m⡇⠀⠀⠀⠀⠀⠀⠀⠀⠀⠀[38;2;190;190;190m⡇⠀⠀⠀⠀⠀⠀⠀⠀⠀[38;2;255;214;90m⢱[48;2;16;22;28m⠀⠀⠀⠀⠀⠀⠀⠀⠀⠀⠀⠀⠀⠀⠀⠀⠀⠀⠀⠀⠀⠀[38;2;190;190;190m⢧⠀⠀⠀⠀⠀⠀⠀⠀⠀⠀⠀⠀⠀⠀⠀⠀⠀⠀⠀⠀⠀⠀⠀⠀⠘⠢⡄⠀⠀⠀⠀⠀⠀⠀⠀⠀[38;2;120;160;200m[48;2;24;44;72m⢇⠀⠀[38;2;190;190;190m⡎⠀[38;2;120;160;200m⢠[48;2;16;22;28m⠃⠀⠀⠀⠀⠀⠀⠀⠀⠀⠀⠀⠀⠀[38;2;255;255;255m⣏[38;2;120;160;200m⡉⡉[48;2;24;44;72m⡥⠒⠙[38;2;255;255;255m⣁⠤⠒⠊⠉[38;2;190;190;190m⢹[38;2;120;160;200m⣀[48;2;16;22;28m⠤[38;2;190;190;190m⢺[38;2;120;160;200m⠁⠀⠀⠀⠀⠀⠀⠀⠀⠀⠀⠀⠀[0m
[38;2;190;190;190m[48;2;16;22;28m⢹⠀⠀⠀⠀⠀⠀⠀⠀⠀⠀⠀⠀⠀⠀⠀⠀[38;2;255;214;90m⣀[48;2;104;78;18m⠤⠚⠀⠀⠀⠀⠀⠀⠀⠀⠀⠀⠀[38;2;190;190;190m⡇⠀⠀⠀⠀⠀⠀⠀⠀⠀⠀[38;2;255;214;90m⠉⠒⠒⠤[48;2;16;22;28m⢄⡀⠀⠀⠀⠀⠀⠀⠀⠀⠀⠀⠀⠀⠀⠀⠀⠀⠀[38;2;190;190;190m⣧⠀⠀⠀⠀⠀⠀⠀⠀⠀[38;2;200;200;200mIowa⠀⠀⠀⠀⠀⠀⠀⠀⠀⠀⠀[38;2;190;190;190m⡼⠁⠀⠀⠀⠀⠀⠀⠀⠀⠀[38;2;120;160;200m⠈[38;2;190;190;190m[48;2;24;44;72m⡦⠴⣥[48;2;16;22;28m⠤[38;2;120;160;200m⠧[38;2;190;190;190m⠤⠤⠤⠤⠤⠤⠤⣄⣀⣀⣀⣀⣀[38;2;120;160;200m[48;2;24;44;72m⣾[38;2;255;255;255m⠑⠬⣈⡡⠔⠊⠀[38;2;120;160;200m⢀⡠[48;2;16;22;28m⠔⠊[38;2;190;190;190m⢹⠀⠀⠈⠉⠉⠉⠉⠉⠉⠉⠉⠉⠉⠉⠉⠉[0m
[38;2;190;190;190m[48;2;16;22;28m⢸⠀⠀⠀⠀⠀⠀⠀⠀⠀⠀⠀⠀⠀[38;2;255;214;90m[48;2;104;78;18m⡠⠒⠉⠀⠀⠀⠀⠀⠀⠀⠀⠀⠀⠀⠀⠀⠀[38;2;190;190;190m⡇⠀⠀⠀⠀⠀⠀⠀⠀⠀⠀⠀⠀⠀⠀⠀[38;2;255;214;90m⠈⢣[48;2;16;22;28m⠀⠀⠀⠀⠀⠀⠀⠀⠀⠀⠀⠀⠀⠀⠀⠀[38;2;190;190;190m⠳⡄⠀⠀⠀⠀⠀⠀⠀⠀⠀⠀⠀⠀⠀⠀⠀⠀⠀⠀⠀⠀⡤⠤⠒⠁⠀⠀⠀⠀⠀⠀⠀⠀⠀⠀⠀⡏[38;2;120;160;200m⠉⠀⠀⠀⠀⠀⠀⠀⠀⠀⠀[38;2;190;190;190m⡇⠀⠀⠀⠀⠀⠀[38;2;120;160;200m⠩⠾[38;2;255;255;255m[48;2;24;44;72mC[48;2;16;22;28mleveland[38;2;190;190;190m⢸⠀⠀⠀⠀⠀⠀⠀⠀⠀⠀⠀⠀⠀⠀⠀⠀[0m
[38;2;190;190;190m[48;2;16;22;28m⢸⣀⣀⣀⣀⣀⣀⣀⣀⣀⣀⣀⣀[38;2;255;214;90m[48;2;104;78;18m⣎[38;2;190;190;190m⣀⣀⣀⣀⣀⣀⣀⣀⣀⣀⣀⣀[38;2;255;214;90mFlood Watch[38;2;190;190;190m⣀⣀⣀⠀⠀⠀⠀⠀⠀⠀⠀⠀[38;2;255;214;90m[48;2;16;22;28m⢣⠀⠀⠀⠀⠀⠀⠀⠀⠀⠀⠀⠀⠀⠀⠀⠀[38;2;190;190;190m⣿⠀⠀⠀⠀⠀⠀⠀⠀⠀⠀⠀⠀⠀⠀⠀⠀⠀⠀⠀⠀⢣⠀⠀⠀⠀⠀⠀⠀⠀⠀⠀⠀⠀⠀⠀⡇⠀⠀⠀⠀⠀⠀⠀⠀⠀⠀⠀⡇⠀⠀⠀⠀⠀⠀⠀⠀⠀⠀⠀⠀⠀⠀⠀⠀⠀⢸⠀⠀⠀⠀⠀⠀⠀⠀⠀⠀⠀⠀⠀⠀⠀⠀[0m
[38;2;255;255;255m[48;2;16;22;28m⠀⠀⠀⠀⠀⠀⠀⠀⠀[38;2;190;190;190m⢸⠀⠀⠀[38;2;255;214;90m[48;2;104;78;18m⡇⠀⠀⠀⠀⠀⠀⠀⠀⠀⠀⠀⠀⠀⠀⠀⠀⠀⠀⠀⠀⠀⠀⠀⠀⠀[38;2;190;190;190m⢸⠀⠀⠀⠀⠀⠀⠀⠀⠀[38;2;255;214;90m⢸[48;2;16;22;28m⠀⠀⠀⠀⠀⠀⠀⠀⠀⠀⠀⠀⠀⠀⠀⠀[38;2;190;190;190m⣞⠀⠀⠀⠀⠀⠀⠀⠀⠀⠀⠀⠀⠀⠀⣀⣀⣀⡀⠀⣀⠎⠀⠀⠀⠀[38;2;255;128;80m⣀⣀[48;2;112;36;28m⠤⠤[48;2;16;22;28m⠤⣀⡀⠀⠀⠀[38;2;190;190;190m⡇⠀⠀⠀⠀⠀⠀⠀⠀⠀⠀⠀⡇⠀⠀⠀⠀⠀⠀⠀⠀⠀⠀⠀⠀⠀⠀⠀⠀⠀⣸⠀⠀⠀⠀⠀⠀⠀⠀⠀⠀⠀⠀⠀⠀⠀⠀[0m
[38;2;255;255;255m[48;2;16;22;28m⠀⠀⠀⠀⠀⠀⠀⠀⠀[38;2;190;190;190m⢸⠀⠀⠀[38;2;255;214;90m[48;2;104;78;18m⡇⠀⠀⠀⠀⠀⠀⠀⠀⠀⠀⠀⠀⠀⠀⠀⠀⠀⠀⠀⠀⠀⠀⠀⠀⠀[38;2;190;190;190m⢸⠀⠀⠀⠀⠀⠀⠀⠀⠀[38;2;255;214;90m⠘[48;2;16;22;28m⡄⠀⠀⠀⠀⠀⠀⠀⠀⠀⠀⠀⠀⠀⠀⠀[38;2;190;190;190m⠘⣏⠉⠉⠉⠉⠉⠉⠉⠉⠉⠉⠉⠉⠉⠀⠀⠀[38;2;255;128;80m⢑⣾[48;2;112;36;28m⠤⠤⠒⠒⠉⠉⠀⠀⠀⠀⠀⠀⠈[48;2;16;22;28m⠢⡀⠀[38;2;190;190;190m⡇⠀⠀[38;2;200;200;200mIndiana⠀⠀[38;2;190;190;190m⡇⠀⠀⠀⠀⠀⠀⠀⠀⠀⠀⠀⠀⠀⠀⠀⠀⠈⣾⠀⠀⠀⠀⠀⠀⠀⠀⠀⠀⠀⠀⠀⠀⠀⠀[0m
[38;2;255;255;255m[48;2;16;22;28m⠀⠀⠀⠀⠀⠀⠀⠀⠀[38;2;190;190;190m⢸⠀⠀[38;2;255;214;90m[48;2;104;78;18m⢰⠁⠀⠀⠀⠀⠀⠀⠀⠀⠀⠀⠀⠀⠀⠀⠀⠀⠀⠀⠀⠀⠀⠀⠀⠀⠀[38;2;190;190;190m⢸⠤⠤⠤⠤⠤⠤⠤⠤⠤⠤[38;2;255;214;90m[48;2;16;22;28m⢧[38;2;190;190;190m⠤⠤⠤⠤⠤⠤⠤⠤⠤⠤⠤⠤⠤⠤⠤⠤⠬⠷⡀⡀⠀⠀⠀⠀⠀⠀⠀⠀⠀⠀⠀[38;2;255;128;80m⡠[48;2;112;36;28m⠒⠁[38;2;190;190;190m⢇⠀⠀⠀⠀⠀⠀⠀⠀⠀⠀⠀⠀⠀⠀[38;2;255;128;80m⠘[48;2;16;22;28m⡄[38;2;190;190;190m⡇⠀⠀⠀⠀⠀⠀⠀⠀⠀⠀⠀⡇⠀⠀⠀⠀⠀⠀⠀⠀⠀⠀⠀⠀⠀⠀⠀⠀⡜⢸⠀⠀⠀⠀⠀⠀⠀⠀⠀⠀⠀⠀⠀⠀⠀⠀[0m
[38;2;255;255;255m[48;2;16;22;28m⠀⠀⠀⠀⠀⠀⠀⠀⠀[38;2;190;190;190m⢸⠀⠀[38;2;255;214;90m[48;2;104;78;18m⢸⠀⠀⠀⠀⠀⠀⠀⠀⠀⠀⠀⠀⠀⠀⠀⠀⠀⠀⠀⠀⠀⠀⠀⠀⠀⠀[38;2;190;190;190m⢸⠀⠀⠀⠀⠀⠀⠀⠀⠀⠀[38;2;255;214;90m[48;2;16;22;28m⡸⠀⠀⠀⠀⠀⠀⠀⠀⠀⠀⠀⠀⠀⠀⠀⠀⠀⠀[38;2;190;190;190m⢈⡿⠀⠀⠀⠀⠀⠀⠀⠀⠀⠀[38;2;255;128;80m⢰[48;2;112;36;28m⠁⠀⠀[38;2;190;190;190m⠣⡀⠀⠀⠀⠀⠀⠀⠀⠀⠀⠀⠀⠀⠀⠀[38;2;255;128;80m⠈[48;2;16;22;28m⣇⠀⠀⠀⠀⠀⠀⠀⠀⠀⠀⠀[38;2;190;190;190m⡇⠀⠀⠀⠀⠀⠀⠀⠀⠀⠀⠀⠀⠀⠀⠀⠀⡇⠸⠤⠤⠤⠤⡤⠤⠤⡤⢤⡤⣤⡤⠤⠤⠤⠤[0m
[38;2;255;255;255m[48;2;16;22;28m⠀⠀⠀⠀⠀⠀⠀⠀⠀[38;2;190;190;190m⢸⠀⠀⠀[38;2;255;214;90m[48;2;104;78;18m⠣⣀⠀⠀⠀⠀⠀⠀⠀⠀⣀⣀⣀⣀⠀⠀⠀⠀⠀⠀⠀⠀⣀⣀⠤⠤⢼⠤⢄⣀⣀⣀⣀⡠⠤[48;2;16;22;28m⠤⠒⠁⠀⠀⠀⠀⠀⠀⠀⠀⠀⠀⠀⠀⠀⠀⠀⠀⠀⠀[38;2;190;190;190m⠈⢶⠀⠀[38;2;170;215;255m⢀⣀⣀⡠⠤⢄⠀⠀[38;2;255;128;80m⠸[48;2;112;36;28m⡀⠀⠀⠀[38;2;190;190;190m⠈⠒⡄⠀⠀⠀⠀⠀⠀⠀⠀⠀⠀⠀⠀⠀⡇[38;2;255;128;80m⠉⠉⠒⠒⠒⠤[48;2;16;22;28m⠤⣀⠀⠀⠀[38;2;190;190;190m⡇⠀⠀⠀⠀⠀⠀⠀⠀⠀⠀⠀⠀⢀⡴⠔⠋⠀⠀⠀⠀⠀⠀⡧⠊⠊⠈⢱⠢⢄⡳⢄⠀⠀⠀[0m
[38;2;255;255;255m[48;2;16;22;28m⠀⠀⠀⠀⠀⠀⠀⠀⠀[38;2;190;190;190m⢸⠀⠀⠀⠀⠀[38;2;255;214;90m⠉⠑⠒⠒⠉⠉⠉⠉⠀⠀⠀⠀⠉⠉⠉⠒⠒⠒⠉⠉⠀⠀⠀⠀[38;2;190;190;190m⢸⠀⠀⠀⠀⠀⠀⠀⠀⠀⠀⠀⠀⠀⠀⠀⠀⠀⠀⠀⠀⠀⠀⠀⠀⠀⠀⠀⠀⠀⠀⠀⢹[38;2;170;215;255m⠉⠁⠀⠀⠀⠀⠀⠣⢄⠀[38;2;255;128;80m[48;2;112;36;28m⠱⡀⠀⠀⠀⠀[38;2;190;190;190m⠸⡠⣄⡀⠀⠀⠀⠀⠀⠀⠀⠀⠀⠈⡆⠀⠀⠀⠀⠀⠀⠀⠀[38;2;255;128;80m⠉[48;2;16;22;28m⢆[38;2;190;190;190m⢐⡏⠚⢆⠀⠀⠀⠀⠀⠀⠀⠀⡠⢢⠇⠀⠀⠀⠀⠀⠀⠀⠀⠀⠀⠀⣀⡤⠊⠀⠀⠁⠘⠲⢤⡀[0m
[38;2;255;255;255m[48;2;16;22;28m⠀⠀⠀⠀⠀⠀⠀⠀⠀[38;2;190;190;190m⢸⠀⠀⠀⠀⠀⠀⠀⠀⠀⠀[38;2;200;200;200mColorado⠀⠀⠀⠀⠀⠀⠀⠀⠀⠀⠀[38;2;190;190;190m⢸⠀⠀⠀⠀⠀⠀⠀⠀⠀⠀⠀⠀⠀⠀⠀⠀⠀⠀⠀⠀⠀⠀⠀⠀⠀⠀⠀⠀⠀⠀⠀⢸⠀⠀⠀⠀⠀⠀⠀⠀⠀[38;2;170;215;255m⠑⠤[38;2;255;128;80m[48;2;112;36;28m⡧[38;2;170;215;255m⠒⠒⠢⠤⠒⠉[38;2;190;190;190m⣹[38;2;170;215;255m⠁⠀⠀⠀⠀⠀⠀⠀⠀⠀[38;2;190;190;190m⢠⠃⠀⠀⠀⠀⠀⠀⠀⠀⡎[38;2;255;128;80m⠚[48;2;16;22;28m⡏[38;2;190;190;190m⠁⠀⠈⠉⠑⠔⠢⠔⠣⡀⢀[38;2;200;200;200mWest Virginia[38;2;190;190;190m⡜⠈⠀⠀⠀⠀⠀⠀⣠⠞⠀[0m
[38;2;255;255;255m[48;2;16;22;28m⠀⠀⠀⠀⠀⠀⠀⠀⠀[38;2;190;190;190m⢸⠀⠀⠀⠀⠀⠀⠀⠀⠀⠀⠀⠀⠀⠀⠀⠀⠀⠀⠀⠀⠀⠀⠀⠀⠀⠀⠀⠀⠀⢸⠀⠀⠀⠀⠀⠀⠀⠀⠀⠀⠀[38;2;200;200;200mKansas⠀⠀⠀⠀⠀⠀⠀⠀⠀⠀⠀⠀⠀⠀[38;2;190;190;190m⢸⠀⠀⠀⠀⠀⠀⠀⠀⠀[38;2;255;128;80m[48;2;112;36;28m⡠⠊⠀⠀⠀⠀⠀⠀[38;2;255;255;255mSevere Thunderstorm⠀[38;2;190;190;190m⡔⠎⠀⠀[38;2;255;128;80m⠘[48;2;16;22;28m⡄⠀⠀⠀⠀⠀⠀⠀⠀[38;2;190;190;190m⡸⠉⠀⠀⠀⠀⠀⠀⠀⠀⠀⠀⡰⠁⠈⠀⠀⠀⠀⠀⠀⠀⠀⠙⣻[38;2;150;190;225m⣷[0m
[38;2;255;255;255m[48;2;16;22;28m⠀⠀⠀[38;2;120;160;200m⢠⠀⠀⠀⠀⠀[38;2;190;190;190m⢸⠀⠀⠀⠀⠀⠀⠀⠀⠀⠀⠀⠀⠀⠀⠀⠀⠀⠀⠀⠀⠀⠀⠀⠀⠀⠀⠀⠀⠀⢸⠀⠀⠀⠀⠀⠀⠀⠀⠀⠀⠀⠀⠀⠀⠀⠀⠀⠀⠀⠀⠀⠀⠀⠀⠀⠀⠀⠀⠀⠀⠀⢸⠀⠀⠀⠀⠀⠀⠀[38;2;255;128;80m⢠[48;2;112;36;28m⠊⠀⠀⠀⠀⠀⠀⠀⠀⠀⠀[38;2;190;190;190m⠑⢦⡀⠀⠀⠀⠀⠀⠠⣷⢤⠖⠢⡰⠲⠜⠉⠙⠁⠀⠀⠀⠀[38;2;255;128;80m⠈[48;2;16;22;28m⢆⠀⠀⠀⠀⠀⠀⠀[38;2;190;190;190m⠈⢆⠀⠀⠀⠀⠀⠀⠀⠀⢀⠜⠀⠀⠀⠀⠀⠀⠀⠀⠀⠀⠀⠀[38;2;150;190;225m⠈⠱[0m
[38;2;255;255;255m[48;2;16;22;28m⠀⠀[38;2;120;160;200m⣤⠎⠀⠀⠀⠀⠀[38;2;190;190;190m⢸⠀⠀⠀⠀⠀⠀⠀⠀⠀⠀⠀⠀⠀⠀⠀⠀⠀⠀⠀⠀⠀⠀⠀⠀⠀⠀⠀⠀⠀⢸⠀⠀⠀⠀⠀⠀⠀⠀⠀⠀⠀⠀⠀[38;2;255;110;200m⢀⣀[48;2;109;31;112m⠤⠒⠒⠒⠒[48;2;16;22;28m⠤⡀⠀⠀⠀⠀⠀⠀⠀⠀⠀[38;2;190;190;190m⢸⠀⠀⠀⠀⠀⠀⠀[38;2;255;128;80m⢸[48;2;112;36;28m⠀⠀⠀⠀⠀⠀⠀⠀⠀⠀⠀⠀⠀[38;2;190;190;190m⢹⡀⠀⠀⠀⣀⡸⠀⠀⠀⠀⠀⠀⠀⠀⠀⠀⠀⠀⠀⠀⠀[38;2;255;128;80m⠈[48;2;16;22;28m⢆⠀⠀⠀⠀⠀⠀⠀[38;2;190;190;190m⠈⣒⢄⠀⠀⠀⠀⣀⣠⡸⠀⠀⠀⠀⠀⠀⠀⠀⠀⠀⠀⠀⠀⠀[38;2;150;190;225m⢠[0m
[38;2;120;160;200m[48;2;16;22;28m⣤⣼⣷[38;2;190;190;190m⣀⣀⣀⣀⣀⣀⣸⣀⣀⣀⣀⣀⣀⣀⣀⣀⣀⣀⣀⣀⣀⣀⣀⣀⣀⣀⣀⣀⣀⣀⣀⣀⣀⣀⣀⣀⣸⣀⣀⣀⣀⣀⣀⣀⣀⣀[38;2;255;110;200m⣀[48;2;109;31;112m⣤⣒⣊⣁[38;2;190;190;190m⣀⣀⣀⣀⣀⣀⣀[38;2;255;110;200m⣈[48;2;16;22;28m⣢⣀[38;2;190;190;190m⣀⣀⣀[38;2;255;110;200m⣀⣀⣀⣀[38;2;190;190;190m⣸⠀⠀⠀⠀⠀⠀⠀⠀[38;2;255;128;80m[48;2;112;36;28m⢣⠀⠀⠀⠀⠀⠀⠀⠀⠀⠀⠀⠀[38;2;190;190;190m⠘⣦⡔⠒⠤⡱[38;2;120;160;200m⡀⠀⠀⠀⠀⠀⠀⠀⠀⠀⠀⠀⠀⠀⠀⠀⠀[38;2;255;128;80m[48;2;16;22;28m⡸⠀⠀⠀⠀⠀⠀[38;2;190;190;190m⡔⠊⠀⠀⠑⠒⠑⠊⠁⠀⠀⠀⠀⠀⠀⠀⠀⠀⠀⠀⠀⠀⠀[38;2;150;190;225m⠈⠙⠓[0m
[38;2;255;255;255m[48;2;16;22;28m⠀⠀⠀⠀⠀⠀⠀⠀⠀[38;2;190;190;190m⢸⠀⠀⠀⠀⠀⠀⠀⠀⠀⠀⠀⠀⠀⠀⠀⠀⠀⠀⠀⠀⠀⠀⠀⠀⠀⢸⠀⠀⠀⠀⠀⠀⠀⠀⠀⠀⠀[38;2;255;110;200m[48;2;109;31;112m⡠⠊⠀⠀⠀⠀⠀⠀⠀⠀⠀⠀⠀⠀⠀⠀⠀⠉⠉⠉⠁⠀⠀⠀⢹⠒[48;2;16;22;28m⢄⠀⠀⠀⠀⠀⠀⠀[38;2;255;128;80m[48;2;112;36;28m⡇⠀⠀⠀⠀⠀⠀⠀⠀⠀⠀⠀⠀[38;2;190;190;190m⡀⣿⠀⠀⠀[38;2;120;160;200m⢷[38;2;190;190;190m⣀⣀⣀⣀⣀⣀⣀⣀⣀⠀[38;2;255;128;80m⣀⣀⡠[48;2;16;22;28m⠤⠒⠉⠀⠀⠀[38;2;190;190;190m⢀⡠⠔⠊⠀⠀⠀⠀⠀⠀⠀⠀⠀⠀⠀⠀⠀⠀⠀⠀⠀⠀⠀⠀⠀⠀⠀⠀⠀⠀[0m
[38;2;255;255;255m[48;2;16;22;28m⠀⠀⠀⠀⠀⠀⠀⠀⠀[38;2;190;190;190m⢸⠀⠀⠀⠀⠀⠀⠀⠀⠀⠀⠀⠀⠀⠀⠀⠀⠀⠀⠀⠀⠀⠀⠀⠀⠀⢸⠒⠒⠒⠒⠒⠒⠒⠒⠒⠒⠒[38;2;255;110;200m[48;2;109;31;112m⠳⣲⠀⠀⠀⠀⠀⠀⠀⠀⠀⠀⠀⠀⠀⠀⠀⠀⠀⠀⠀⠀⠀⠀[38;2;190;190;190m⢸⠒[38;2;255;110;200m⠚⠲[48;2;16;22;28m⡒[38;2;190;190;190m⠒⠒⠒⠒⠒[38;2;255;128;80m[48;2;112;36;28m⢳[38;2;190;190;190m⠒⠒⠒⠒⠒⠒⠒⠒⠒⡆⠀⣸⠛⠓⠒⠒⠒[38;2;120;160;200m⢺⣇⠀⠀[38;2;255;128;80m⢀⡠[48;2;16;22;28m⠔⠒⠉⠉⠉[38;2;190;190;190m⠉⠉⠉⠉⠉⠉⠉⠉⠉⠉⠉⠉⠉⠉⠉⠉⢉⡟⠉⠉⠉⠉⠉⠉⠉[38;2;226;230;239m⣉[48;2;107;105;101m⠭⠭[48;2;16;22;28m⠭⣉⡉[38;2;190;190;190m⠉⠉⠉⠉⠉⠉⠉⠉[0m
[38;2;255;255;255m[48;2;16;22;28m⠀⠀⠀⠀⠀⠀⠀⠀⠀[38;2;190;190;190m⢸⠀⠀⠀⠀⠀⠀⠀⠀⠀⠀⠀⠀⠀⠀⠀⠀⠀⠀⠀⠀⠀⠀⠀⠀⠀⢸⠀⠀⠀⠀⠀⠀⠀⠀⠀⠀⠀⠀[38;2;255;110;200m⢹[48;2;109;31;112m⡄⠀⠀⠀⠀⠀⠀⠀⠀⠀⠀⠀⠀⠀⠀⠀⠀⠀⠀⠀⠀⠀⠀[38;2;190;190;190m⡇⠀⠀[38;2;255;110;200m⠈[48;2;16;22;28m⠢⡀⠀⠀⠀[38;2;255;128;80m⠸[48;2;112;36;28m⡀⠀⠀⠀⠀⠀⠀⠀[38;2;190;190;190m⠮⠤⢤⡇⠀[38;2;255;128;80m⣀⣀⣀⣀⣀⣟[48;2;16;22;28m⠤⠒⠁⠀⠀⠀⠀⠀⠀⠀⠀⠀⠀⠀⠀⠀⠀⠀⠀⠀⠀[38;2;190;190;190m⣠⢤⠔⠑⠊⠀⠀⠀⠀⠀[38;2;226;230;239m⢀[48;2;107;105;101m⠔⠉⠀⠀⠀⠀⠀⠈⠉⠒⠒⠤[48;2;16;22;28m⢄⡀⠀[38;2;150;190;225m⢸[0m
[38;2;255;255;255m[48;2;16;22;28m⠀⠀⠀⠀⠀⠀⠀⠀⠀[38;2;190;190;190m⢸⠀⠀⠀⠀⠀⠀⠀⠀⠀⠀⠀⠀⠀⠀⠀⠀⠀⠀⠀⠀⠀⠀⠀⠀⠀⢸⠀⠀⠀⠀⠀⠀⠀⠀⠀⠀⠀⠀⢸[38;2;255;110;200m⠈[48;2;109;31;112m⢆⠀⠀⠀⠀⠀⠀⠀⠀⠀⠀⠀⠀⠀⠀⠀⠀⠀⠀⠀⠀⠀[38;2;190;190;190m⢣⠀⠀⠀⠀[38;2;255;110;200m⠸[48;2;16;22;28m⡀⠀⠀⠀[38;2;255;128;80m[48;2;112;36;28m⠱⡀⠀⠀⠀⠀⢀⣀⣀⢴[48;2;16;22;28m⡞⠊⠉⠀⠀⠀⠀⠀⠀⠀⠀[38;2;200;200;200mTennessee⠀⠀⠀⠀⠀⠀[38;2;190;190;190m⣀⣀⠤⠚⠁⠀[38;2;226;230;239m⢀⣀⣀⣀⣀⣀⣀[48;2;107;105;101m⡠[38;2;255;255;255mNorth Carolina[38;2;226;230;239m⠈⢑[48;2;16;22;28m⢄[0m
[38;2;255;255;255m[48;2;16;22;28m⠀⠀⠀⠀⠀⠀⠀⠀⠀[38;2;190;190;190m⢸⠀⠀⠀⠀⠀⠀⠀⠀⠀⠀⠀⠀⠀⠀⠀⠀⠀⠀⠀⠀⠀⠀⠀⠀⠀⢸⠀⠀⠀⠀⠀⠀⠀⠀⠀⠀⠀⠀⢸⠀[38;2;255;110;200m[48;2;109;31;112m⡜⠀⠀⠀[38;2;255;255;255mTornado Emergency⠀[38;2;190;190;190m⢸⠀⠀⠀[38;2;255;110;200m⢀[48;2;16;22;28m⠤⠃⠀⠀⠀⠀[38;2;255;128;80m⠈⠉⠉⠉⠉⠁⠀[38;2;190;190;190m⢀⡏⠀⠀⠀⠀⠀⠀⠀⠀⠀⠀⠀⠀⠀⠀⠀⠀⠀⠀⠀⠀⠀⠀⠀⠀⡠⠜⠀⠀⠀[38;2;226;230;239m⡠[48;2;107;105;101m⠒⣉⣁[38;2;255;255;255m⣀⣀⣀⣀⣀⡀⠀⠀⠀⠀⠀⠀⠀⠀⠀⠀⠀⠀⠀⠀⠀⠀⡈[38;2;226;230;239m⠉[0m
[38;2;255;255;255m[48;2;16;22;28m⠀⠀⠀⠀⠀⠀⠀⠀⠀[38;2;190;190;190m⢸⠀⠀⠀⠀⠀⠀⠀⠀⠀⠀⠀⠀⠀⠀⠀⠀⠀⠀⠀⠀⠀⠀⠀⠀⠀⢸⠀⠀⠀⠀⠀⠀⠀⠀⠀⠀⠀⠀⢸[38;2;255;110;200m[48;2;109;31;112m⢰⠁⠀⠀⠀⠀⠀⠀⠀⠀⠀⠀⠀⠀⠀⠀⠀⠀⠀⠀⠀⠀⠀⢸⡠[48;2;16;22;28m⠔⠊⠁⠀⠀⠀⠀⠀⠀⠀⠀⠀⠀⠀⠀[38;2;190;190;190m⢠⠾⠓⠒⠒⠒⠒⠒⠒⠒⢲⠒⢒[38;2;120;160;200m⣶⣖[38;2;190;190;190m⡒⠒⠒⠒⠒⠒⢲⠒⠒⠒⠒⠒⠓⠒⠒⠒[38;2;226;230;239m[48;2;107;105;101m⣲⠓[38;2;255;255;255m⠉⠀⠀⠀⠀⠀⠀⠀⠉⣆⣀⣀⣀⣀⡀⠀⠀⠀⠀⠀⠀⠀⠀⠀⠀⠙[38;2;226;230;239m⡲[0m
[38;2;255;255;255m[48;2;16;22;28m⠀⠀⠀⠀⠀⠀⠀⠀⠀[38;2;190;190;190m⢸⠀⠀⠀⠀⠀⠀⠀[38;2;200;200;200mNew Mexico⠀⠀⠀⠀⠀⠀⠀⠀[38;2;190;190;190m⢸⠀⠀⠀⠀⠀⠀⠀⠀⠀⠀⠀⠀⠘⠢[38;2;255;110;200m[48;2;109;31;112m⣣⣄⠀⠀⠀⠀⠀⠀⠀⠀⠀⠀⠀⠀⠀⠀⠀⠀⠀⠀⡠[48;2;16;22;28m⠊⡝⠀⠀⠀⠀⠀⠀⠀⠀⠀⠀⠀⠀⠀⠀⠀[38;2;190;190;190m⣀⡟⠀⠀⠀⠀⠀⠀⠀⠀⠀⢸⠀⠀⠀[38;2;120;160;200m⠈⠙⠂⠀⠀⠀⠀[38;2;190;190;190m⠈⡆⠀⠀⠀⠀⠀⠀[38;2;226;230;239m⢠[48;2;107;105;101m⠊[38;2;255;255;255m⠑⠢⢤⠀⠀⠀⠀⠀⠀⠀⠀⠀⠀⠀⠀⠀⠈⠢⡀⠀⠀⠀⠀⠀⠀⣀[38;2;226;230;239m⢗[48;2;24;44;72m⠝⠉[0m
[38;2;255;255;255m[48;2;16;22;28m⠀⠀⠀⠀⠀⠀⠀⠀⠀[38;2;190;190;190m⢸⠀⠀⠀⠀⠀⠀⠀⠀⠀⠀⠀⠀⠀⠀⠀⠀⠀⠀⠀⠀⠀⠀⠀⠀⠀⡎⠀⠀⠀⠀⠀⠀⠀⠀⠀⠀⠀⠀⠀⠀⠀[38;2;255;110;200m⠑[48;2;109;31;112m⢗[38;2;190;190;190m⠒⠤⡤⢤⡀⢀⠀⠀⠀⠀⠀⠀⠀⠀⠀[38;2;255;110;200m⣀[48;2;16;22;28m⠔⠁⠀[38;2;190;190;190m⡇⠀⠀⠀⠀⠀⠀⠀⠀⠀⠀⠀⠀⠀⠀⣰⠋⠀⠀⠀⠀⠀⠀⠀⠀⠀⠀⡇⠀⠀⠀⠀⠀⠀⠀⠀⠀⠀⠀⡇⠀⠀⠀⠀⠀[38;2;226;230;239m[48;2;107;105;101m⡔⠁⠀⠀⠀[38;2;255;255;255m⠈⢆⠀⠀⠀⠀⠀⠀⠀⠀⠀⠀⠀⠀⠀⠀⠈⠢⡀⠀⠀⢠⡜⠀[38;2;226;230;239m[48;2;24;44;72m⡎⠀⠀[0m
[38;2;255;255;255m[48;2;16;22;28m⠀⠀⠀⠀⠀⠀⠀⠀⠀[38;2;190;190;190m⢸⠀⠀⠀⠀⠀⠀⠀⠀⠀⠀⠀⠀⠀⠀⠀⠀⠀⠀⠀⠀⠀⠀⠀⠀⠀⡇⠀⠀⠀⠀⠀⠀⠀⠀⠀⠀⠀⠀⠀⠀⠀⠀[38;2;255;110;200m⠈[48;2;109;31;112m⢆⠀⠀⠀[38;2;190;190;190m⠑⠁⠙⠺⠞⠒[38;2;255;110;200m⢓⡦[48;2;16;22;28m⠖⠛⠉[38;2;190;190;190m⠒⠉⠢⣄⡇⣀⠀⠀⠀⠀⠀⠀⠀⠀⠀⠀⠀⠀⣰⠃⠀⠀⠀⠀⠀⠀⠀⠀⠀⠀⠀⡇⠀⠀⠀⠀⠀⠀⠀⠀⠀⠀⠀⢸⠀⠀⠀⠀[38;2;226;230;239m⠘[48;2;107;105;101m⡄⠀⠀⠀⠀⠀[38;2;255;255;255m⢘Special Statement⠊⠉⠉⠀⠀[38;2;226;230;239m⠱[48;2;24;44;72m⡀⠀[0m
[38;2;255;255;255m[48;2;16;22;28m⠀⠀⠀⠀⠀⠀⠀⠀⠀[38;2;190;190;190m⢸⠀⠀⠀⠀⠀⠀⠀⠀⠀⠀⠀⠀⠀⠀⠀⠀⠀⠀⠀⠀⠀⠀⠀⠀⠀⡇⠀⠀⠀⠀⠀⠀⠀⠀⠀⠀⠀⠀⠀⠀⠀⠀⠀[38;2;255;110;200m⠈[48;2;109;31;112m⢆⠀⠀⠀⠀⠀⣀[48;2;16;22;28m⠤⠊⠁⠀⠀⠀⠀⠀⠀⠀⠀[38;2;190;190;190m⠈⠉⡇⠀⠀⠀⠀⠀⠀⠀⠀⠀⠀⠀⢻⠀⠀⠀⠀⠀⠀⠀⠀⠀⠀⠀⢠⠃⠀⠀[38;2;200;200;200mAlabama⠀⠀[38;2;190;190;190m⠸⡀⠀⠀⠀⠀[38;2;226;230;239m⠈⠒[48;2;107;105;101m⠤⣀⠀⠀⠀⠀[38;2;255;255;255m⠈⢲⡀⠀⠀⠀⠀⠀⠀⠀⠀⠀⢠⡶⠁⠀⠀⠀⠀⠀⠀⠀[38;2;226;230;239m[48;2;24;44;72m⢱⠀[0m
[38;2;255;255;255m[48;2;16;22;28m⠀⠀⠀⠀⠀⠀⠀⠀⠀[38;2;190;190;190m⢸⠀⠀⠀⠀⠀⠀⠀⠀⠀⠀⠀⠀⠀⠀⠀⠀⠀⠀⠀⠀⠀⠀⠀⠀⠀⡇⠀⠀⠀⠀⠀⠀⠀⠀⠀⠀⠀⠀⠀⠀⠀⠀⠀⠀⠀[38;2;255;110;200m⠉⠒⠒⠊⠉⠀⠀⠀⠀⠀⠀⠀⠀⠀⠀⠀⠀⠀⠀[38;2;190;190;190m⡧⠤⠤⠤⠤⠤⠔⠒⠒⠒⠒⠒⢺⠅⠀⠀⠀⠀⠀⠀⠀⠀⠀⠀⢸⠀⠀⠀⠀⠀⠀⠀⠀⠀⠀⠀⠀⠀⡇⠀⠀⠀⠀⠀⠀⠀⠀[38;2;226;230;239m⠉⠑⠢[48;2;107;105;101m⠤⣀⠀[38;2;255;255;255m⠑⢆⠀⠀⠀⠀⠀⠀⠀⣠⠊⠁⠀⠀⠀⠀⠀⠀⠀[38;2;226;230;239m⢠[48;2;24;44;72m⠊⠀[0m
[38;2;255;255;255m[48;2;16;22;28m⠀⠀⠀⠀⠀⠀⠀⠀⠀[38;2;190;190;190m⢸⠀⠀⠀⠀⠀⠀⠀⠀⠀⠀⠀⠀⠀⠀⠀⠀⠀⠀⠀⠀⠀⠀⠀⠀⠀⡇⠀⠀⠀⠀⠀⠀⠀⠀⠀⠀⠀⠀⠀⠀⠀⠀⠀⠀⠀⠀⠀⠀⠀⠀⠀⠀⠀⠀⠀⠀⠀⠀⠀⠀⠀⠀⠀⠀⡇⠀⠀⠀⠀⠀⠀⠀⠀⠀⠀⠀⢸⡆⠀⠀⠀⠀⠀⠀⠀⠀⠀⠀⢸⠀⠀⠀⠀⠀⠀⠀⠀⠀⠀⠀⠀⠀⠘⡄⠀⠀⠀⠀⠀⠀⠀⠀⠀⠀⠀⠀[38;2;226;230;239m⠱[48;2;107;105;101m⡀[38;2;255;255;255m⠸⣀⠀⡀⣄⡠⠤⠋⠀⠀⠀⠀⠀⠀⠀⠀⠀[38;2;226;230;239m[48;2;24;44;72m⡰⠁⠀⠀[0m
[38;2;255;255;255m[48;2;16;22;28m⠀⠀⠀⠀⠀⠀⠀⠀⠀[38;2;190;190;190m⢸⠀⠀⠀⠀⠀⠀⠀⠀⠀⠀⠀⠀⠀⠀⠀⠀⠀⠀⠀⠀⠀⠀⠀⠀⠀⡇⠀⠀⠀⠀⠀⠀⠀⠀⠀⠀⠀⠀⠀⠀⠀⠀⠀⠀⠀⠀⠀⠀⠀⠀⠀⠀⠀⠀⠀⠀⠀⠀⠀⠀⠀⠀⠀⠀⡇⠀⠀⠀⠀⠀⠀⠀⠀⠀⠀⠀[38;2;170;215;255m⢀[38;2;190;190;190m⡝⠀⠀⠀⠀⠀⠀⠀⠀⠀⠀⡇⠀⠀⠀⠀⠀⠀⠀⠀⠀⠀⠀⠀⠀⠀⡕⠀⠀⠀⠀⠀⠀⠀⠀⠀⠀⠀⠀⠀[38;2;226;230;239m⠈⠒[48;2;107;105;101m⠺⣤⣯⣋⠀⠀⠀⠀⠀⠀⠀⠀⠀⠀⠀⢠[48;2;24;44;72m⠃⠀⠀⠀[0m
[38;2;255;255;255m[48;2;16;22;28m⠀⠀⠀⠀⠀⠀⠀⠀⠀[38;2;190;190;190m⢸⠀⠀⠀[38;2;255;255;255m⡤⠤⠤⠤⠤⠤⠬[38;2;190;190;190m⠯⡉⠉⠉⠉⠉⠉⠉⠉⠉⠉⠉⠉⠉⠉⠁⠀⠀⠀⠀⠀⠀⠀⠀⠀⠀⠀⠀⠀⠀⠀⠀⠀⠀⠀⠀⠀⠀⠀⠀⠀⠀⠀⠀⠀⠀⠀⠀⠀⠀⠀⠀⠀⠀⠑⡄⠀⠀⠀⠀⠀⠀⠀⠀⠀⢰⠎⠁⠀⠀⠀⠀⠀⠀⠀⠀⠀⠀⡇⠀⠀⠀⠀⠀⠀⠀⠀⠀⠀⠀⠀⠀⢰⠁⠀⠀⠀⠀⠀⠀⠀⠀⠀⠀⠀⠀⠀⠀⠀[38;2;150;190;225m⢀[48;2;24;44;72m⠎⠀⠀[38;2;226;230;239m⠉⠒[48;2;107;105;101m⢄⡀⠀⠀⠀⠀⠀⠀⢀[48;2;24;44;72m⠇⠀⠀⠀⠀[0m
[38;2;255;255;255m[48;2;16;22;28m⢄⣀⣀⣀⣀⣀⣀⣀⣀[38;2;190;190;190m⣸[38;2;255;255;255m⣀⣀⣀⡇⠀⠀⠀⠀⠀⠀⠀⠈⠢⡀⠀⠀⠀⠀⠀⠀⠀⠀⠀⠀⠀⠀⠀⠀⠀⠀⠀⠀⠀⠀⠀⠀⠀⠀⠀⠀⠀⠀[38;2;200;200;200mTexas⠀⠀⠀⠀⠀⠀⠀⠀⠀⠀⠀⠀⠀⠀⠀⠀⠀⠀[38;2;190;190;190m⢱⠀⠀⠀⠀⠀⠀⠀⠀⢀⡎⠀⠀⠀⠀⠀⠀⠀⠀⠀⠀⠀⠀⡇⠀⠀⠀⠀⠀⠀⠀⠀⠀⠀⠀⠀⠀⢠⠃⠀⠀⠀⠀⠀⠀⠀⠀⠀⠀⠀⠀⠀⠀[38;2;150;190;225m⠠[48;2;24;44;72m⡟⠀⠀⠀⠀⠀⠀[38;2;226;230;239m⠈⠑⠒⠤[48;2;107;105;101m⠤[48;2;24;44;72m⠤⠊⠁⠀⠀⠀⠀⠀[0m
[38;2;255;255;255m[48;2;16;22;28m⠀⠀⠀⠀⠀⠀⠀⠀⠀[38;2;190;190;190m⢸⠀⠀⠀⠀⠀⠀⠀⠀⠀⠀⠀⠀⠀[38;2;255;255;255m⠈⠢⡀⠀⠀⠀⠀⠀⠀⠀⠀⠀⠀⠀⠀⠀⠀⠀⠀⠀⠀⠀⠀⠀⠀⠀⠀⠀⠀⠀⠀⠀⠀⠀⠀⠀⠀⠀⠀⠀⠀⠀⠀⠀⠀⠀⠀⠀⠀⠀⠀⠀⠀[38;2;190;190;190m⡧⠀⠀[38;2;200;200;200mLouisiana[38;2;190;190;190m⠤⠤⠤⠤⢤⠀⠀⠀⠀⠀⢣⠀⠀⠀⡤⠤⠤⠤⠤⠤⠤⠤⠤⠤⠬⢆⠀⠀⠀⠀⠀⠀⠀⠀⠀⠀⠀⠀⠀⠀[38;2;150;190;225m[48;2;24;44;72m⡸⠀⠀⠀⠀⠀⠀⠀⠀⠀⠀⠀⠀⠀⠀⠀⠀⠀⠀⠀⠀[0m
[38;2;255;255;255m[48;2;16;22;28m⠀⠀⠀⠀⠀⠀⠀⠀⠀[38;2;190;190;190m⠈⠢⢄⠀⠀⠀⠀⠀⠀⠀⠀⠀⠀⠀⠀⠀[38;2;255;255;255m⠈⠒⡄⠀⠀⠀⠀⠀⠀⠀⠀⠀⠀⠀⠀⠀⠀⠀⠀⠀⠀⠀⠀⠀⠀⠀⠀⠀⠀⠀⠀⠀⠀⠀⠀⠀⠀⠀⠀⠀⠀⠀⠀⠀⠀⠀⠀⠀⠀⠀[38;2;190;190;190m⢠⠃⠀⠀⠀⠀⠀⠀⠀⠀[38;2;170;215;255m⠱⡀⠀⠀⠀⠀⠀[38;2;190;190;190m⢣⡀⠀⠀⠀⠀⢸⠀[38;2;150;190;225m⣦⠀[38;2;190;190;190m⢳[38;2;150;190;225m⢀⣠⠀⢀⣀⡀⠀⠀⠀⠀[38;2;190;190;190m⠘⠒⠒⠒⠒⠒⠢⠤⠤⠤⠤⠤⡄⡏⠒[38;2;150;190;225m[48;2;24;44;72m⢇⠀⠀⠀⠀⠀⠀⠀⠀⠀⠀⠀⠀⠀⠀⠀⠀⠀⠀⠀⠀[0m
[38;2;255;255;255m[48;2;16;22;28m⠀⠀⠀⠀⠀⠀⠀⠀⠀⠀⠀[38;2;190;190;190m⢸⠀⠀⠀⠀⠀⠀⠀⠀⠀⠀⠀⠀⠀⠀⠀[38;2;255;255;255m⠘⡄⠀⠀⠀⠀⠀⠀⠀⠀⠀⠀⠀⠀⠀⠀⠀⠀⠀⠀⠀⠀⠀⠀⠀⠀⠀⠀⠀⠀⠀⠀⠀⠀⠀⠀⠀⠀⠀⠀⠀⠀⠀⠀⠀⠀⠀⠀[38;2;190;190;190m⢸⠀⠀⠀⠀⠀⠀⠀⠀⠀⠀[38;2;170;215;255m⠑⣄⣀[38;2;150;190;225m⢀[48;2;24;44;72m⣎⢙[48;2;16;22;28m⣢⣧[48;2;24;44;72m⡴⠮⢍⠉[38;2;190;190;190m⠹[38;2;150;190;225m⠉⠾⠒⠛⠛⠛⠉⠁⠙⠓⠤[48;2;16;22;28m⣔⠀⠀⠀⠀⠀⣀⡀⠀⠀⠀⠀⠀⠀⠀[38;2;190;190;190m⠉⠁⠀[38;2;150;190;225m[48;2;24;44;72m⢸⠀⠀⠀⠀⠀⠀⠀⠀⠀⠀⠀⠀⠀⠀⠀⠀⠀⠀⠀⠀[0m
[38;2;200;200;200m[48;2;16;22;28m├──────────────────────┤ 500 km⠀⠀⠀⠀⠀⠀[38;2;255;255;255m⡤⠔⠢⠤⠤⢄[38;2;120;160;200m⡀⠀⠀⠀⠀⠀⠀⠀⠀⠀⠀⠀⠀⠀⠀⠀⠀⠀⠀⠀⠀⠀⠀⠀⠀⠀⠀[38;2;150;190;225m⣠⡀⠀⢀⣠[48;2;24;44;72m⡣⠤⠤[48;2;16;22;28m⢄⡀⠀⠀⢀[48;2;24;44;72m⠤[48;2;16;22;28m⣀⠀⠀[38;2;87;239;176m⢀[48;2;33;86;97m⡨⠭[48;2;16;22;28m⠿⣳⣘[48;2;24;44;72m⣪⣧⣀⣀[38;2;160;160;160mOpenFreeMap (c)[48;2;16;22;28m [48;2;24;44;72mOpenMa[48;2;16;22;28mpTiles Dat[48;2;24;44;72ma from OpenStreetMap[0m
