[38;2;95;95;95m[48;2;245;245;240m⢸⠀⠀⠀⠀⠀⠀⠀⠀⠀⠀⠀⠀⠀⠀⠀⠀⠀⠀⠀⠀⠀⠀⠀[38;2;121;91;66m⣀⣀⣀⣀⣀⣀⣀⣇⣀⣀⣀⣀⣀⣀⠀⠀⠀⠀⠀⠀⠀⠀⠀⠀⠀⠀[38;2;60;110;170m⠈[38;2;40;100;170m⠳⡀⠀⠀⠀⠀⠀⠀⠀⠀⠀⠀[38;2;95;95;95m⣼⠤⠤⠤⠤⠤⠤⠤⠤⠤⠤⠤⠤⠤⠤⠤⠤⠤⠤⠤⠤⠤⠤⢇⠀⠀⠀⠀⠀⠀⠀⠀⠀⠀⠀⠀⠀⠀[38;2;60;110;170m[48;2;196;220;240m⡎⠀⠀[38;2;95;95;95m⡇⠀[38;2;60;110;170m⠘[48;2;245;245;240m⡄⠀⠀[38;2;70;70;70mMichigan[38;2;60;110;170m⠉⠃⠀⠀⠀[48;2;196;220;240m⢱⠀[38;2;20;20;20m⡜⠀[38;2;60;110;170m[48;2;245;245;240m⡜⠀⠀⠀⠀⠀⠀[38;2;0;0;0mTo[48;2;196;220;240mronto[38;2;20;20;20m⠉⣉⡉⠉⠉⠉⠉⠉[0m
[38;2;95;95;95m[48;2;245;245;240m⢸⠀⠀⠀⠀⠀⠀⠀⠀⠀⠀⠀⠀[38;2;70;70;70mWyoming⠀[38;2;121;91;66m[48;2;255;228;124m⡠⠒⠉⠀⠀⠀⠀⠀⠀⠀[38;2;95;95;95m⡇⠀⠀⠀⠀⠀⠀[38;2;121;91;66m⠉⠑[48;2;245;245;240m⡄⠀⠀⠀⠀⠀⠀⠀⠀⠀⠀⠀[38;2;40;100;170m⠈[38;2;60;110;170m⠷[38;2;40;100;170m⣄⠀⠀⠀⠀⠀⠀⠀⠀[38;2;95;95;95m⢳⠀⠀⠀⠀⠀⠀⠀⠀⠀⠀⠀⠀⠀⠀⠀⠀⠀⠀⠀⠀⠀⠀⢠⠃⠀⠀⠀⠀⠀⠀⠀⠀⠀⠀⠀⠀[38;2;60;110;170m[48;2;196;220;240m⢸⠀⠀⠀[38;2;95;95;95m⡇⠀⠀[38;2;60;110;170m⠸[48;2;245;245;240m⡀⠀⠀⠀⠀⠀⠀⠀⠀⠀⠀⠀⠀⠀⠀⠈[38;2;20;20;20m[48;2;196;220;240m⣞[38;2;60;110;170m⡠[48;2;245;245;240m⠔⠁⠀⠀⠀⠀⠀⠀⠀⠈⠒[48;2;196;220;240m⠢[38;2;20;20;20m[48;2;245;245;240m⢼[38;2;60;110;170m⣒⠉⠉⠀⠈⠉⠒⠊⠑⠉[0m
[38;2;95;95;95m[48;2;245;245;240m⢸⠀⠀⠀⠀⠀⠀⠀⠀⠀⠀⠀⠀⠀⠀⠀⠀⠀⠀⠀[38;2;121;91;66m[48;2;255;228;124m⡜⠀⠀⠀⠀⠀⠀⠀⠀⠀⠀[38;2;95;95;95m⡏⠉⠉⠉⠉⠉⠉⠉⠉[38;2;121;91;66m⠹[48;2;245;245;240m⡉[38;2;95;95;95m⠉⠉⠉⠉⠉⠉⠉⠉⠉⠉⠉⠉⠉⠛⠲⠴⠶⠤⢦⣄⡀⡇⠀⠀⠀⠀⠀⠀⠀⠀⠀⠀⠀⠀⠀⠀⠀⠀⠀⠀⠀⠀⠀⠀⠘⣆⠀⠀⠀⠀⠀⠀⠀⠀⠀⠀⠀⠀[38;2;60;110;170m⠘[48;2;196;220;240m⡄⠀⠀[38;2;95;95;95m⢱⠀⠀[38;2;60;110;170m⢀[48;2;245;245;240m⠇⠀⠀⠀⠀⠀⠀⠀⠀⠀⠀⠀⠀⠀⠀⠀[38;2;20;20;20m⡇⠀⠀⠀⠀⠀⠀⠀⠀[38;2;60;110;170m⢀[48;2;196;220;240m⠤⠤⠤⢒[38;2;20;20;20m⡤[38;2;60;110;170m[48;2;245;245;240m⡷⠀⠀⠀⠀⠀⠀⠀⠀⠀[0m
[38;2;95;95;95m[48;2;245;245;240m⢸⠀⠀⠀⠀⠀⠀⠀⠀⠀⠀⠀⠀⠀⠀⠀⠀⠀⠀⠀[38;2;121;91;66m[48;2;255;228;124m⡇⠀⠀⠀⠀⠀⠀⠀⠀⠀⠀[38;2;95;95;95m⡇⠀⠀⠀⠀⠀⠀⠀⠀⠀[38;2;121;91;66m[48;2;245;245;240m⡇⠀⠀⠀⠀⠀⠀⠀⠀⠀⠀⠀⠀⠀⠀⠀⠀⠀⠀⠀⠀[38;2;40;100;170m⠙[38;2;95;95;95m⢾⡄⠀⠀⠀⠀⠀⠀⠀⠀⠀⠀⠀⠀⠀⠀⠀⠀⠀⠀⠀⠀⠀⠀⠀⠩⣦⠤⠤⠤⠤⠤⠤⠤⠤⠤⠤⠤[38;2;60;110;170m[48;2;196;220;240m⡧[38;2;95;95;95m⠤⠤⢼⠀⠀[38;2;60;110;170m⢸[48;2;245;245;240m⠀⠀⠀⠀⠀⠀⠀⠀⠀⠀⠀⠀⠀⠀[48;2;196;220;240m⡼⠫[48;2;245;245;240m⡄⠀⠀[48;2;196;220;240m⡔⠊⠉⠉⠉⢚⣛⡲[38;2;20;20;20m⢴⢊[38;2;60;110;170m[48;2;245;245;240m⡡⠊⠀⠀⠀⠀⠀⠀⠀⠀⠀⠀[0m
[38;2;95;95;95m[48;2;245;245;240m⢸⠀⠀⠀⠀⠀⠀⠀⠀⠀⠀⠀⠀⠀⠀⠀⠀⠀⠀⠀[38;2;121;91;66m[48;2;255;228;124m⡇⠀⠀⠀⠀⠀⠀⠀⠀⠀⠀[38;2;95;95;95m⡇⠀⠀⠀⠀⠀⠀⠀⠀⠀[38;2;121;91;66m⢱[48;2;245;245;240m⠀⠀⠀⠀⠀⠀⠀⠀⠀⠀⠀⠀⠀⠀⠀⠀⠀⠀⠀⠀⠀⠀[38;2;95;95;95m⢧⠀⠀⠀⠀⠀⠀⠀⠀⠀⠀⠀⠀⠀⠀⠀⠀⠀⠀⠀⠀⠀⠀⠀⠀⠘⠢⡄⠀⠀⠀⠀⠀⠀⠀⠀⠀[38;2;60;110;170m[48;2;196;220;240m⢇⠀⠀[38;2;95;95;95m⡎⠀[38;2;60;110;170m⢠[48;2;245;245;240m⠃⠀⠀⠀⠀⠀⠀⠀⠀⠀⠀⠀⠀⠀[38;2;20;20;20m⣏[38;2;60;110;170m⡉⡉[48;2;196;220;240m⡥⠒⠙[38;2;20;20;20m⣁⠤⠒⠊⠉[38;2;95;95;95m⢹[38;2;60;110;170m⣀[48;2;245;245;240m⠤[38;2;95;95;95m⢺[38;2;60;110;170m⠁⠀⠀⠀⠀⠀⠀⠀⠀⠀⠀⠀⠀[0m
[38;2;95;95;95m[48;2;245;245;240m⢹⠀⠀⠀⠀⠀⠀⠀⠀⠀⠀⠀⠀⠀⠀⠀⠀[38;2;121;91;66m⣀[48;2;255;228;124m⠤⠚⠀⠀⠀⠀⠀⠀⠀⠀⠀⠀⠀[38;2;95;95;95m⡇⠀⠀⠀⠀⠀⠀⠀⠀⠀⠀[38;2;121;91;66m⠉⠒⠒⠤[48;2;245;245;240m⢄⡀⠀⠀⠀⠀⠀⠀⠀⠀⠀⠀⠀⠀⠀⠀⠀⠀⠀[38;2;95;95;95m⣧⠀⠀⠀⠀⠀⠀⠀⠀⠀[38;2;70;70;70mIowa⠀⠀⠀⠀⠀⠀⠀⠀⠀⠀⠀[38;2;95;95;95m⡼⠁⠀⠀⠀⠀⠀⠀⠀⠀⠀[38;2;60;110;170m⠈[38;2;95;95;95m[48;2;196;220;240m⡦⠴⣥[48;2;245;245;240m⠤[38;2;60;110;170m⠧[38;2;95;95;95m⠤⠤⠤⠤⠤⠤⠤⣄⣀⣀⣀⣀⣀[38;2;60;110;170m[48;2;196;220;240m⣾[38;2;20;20;20m⠑⠬⣈⡡⠔⠊⠀[38;2;60;110;170m⢀⡠[48;2;245;245;240m⠔⠊[38;2;95;95;95m⢹⠀⠀⠈⠉⠉⠉⠉⠉⠉⠉⠉⠉⠉⠉⠉⠉[0m
[38;2;95;95;95m[48;2;245;245;240m⢸⠀⠀⠀⠀⠀⠀⠀⠀⠀⠀⠀⠀⠀[38;2;121;91;66m[48;2;255;228;124m⡠⠒⠉⠀⠀⠀⠀⠀⠀⠀⠀⠀⠀⠀⠀⠀⠀[38;2;95;95;95m⡇⠀⠀⠀⠀⠀⠀⠀⠀⠀⠀⠀⠀⠀⠀⠀[38;2;121;91;66m⠈⢣[48;2;245;245;240m⠀⠀⠀⠀⠀⠀⠀⠀⠀⠀⠀⠀⠀⠀⠀⠀[38;2;95;95;95m⠳⡄⠀⠀⠀⠀⠀⠀⠀⠀⠀⠀⠀⠀⠀⠀⠀⠀⠀⠀⠀⠀⡤⠤⠒⠁⠀⠀⠀⠀⠀⠀⠀⠀⠀⠀⠀⡏[38;2;60;110;170m⠉⠀⠀⠀⠀⠀⠀⠀⠀⠀⠀[38;2;95;95;95m⡇⠀⠀⠀⠀⠀⠀[38;2;60;110;170m⠩⠾[38;2;0;0;0m[48;2;196;220;240mC[48;2;245;245;240mleveland[38;2;95;95;95m⢸⠀⠀⠀⠀⠀⠀⠀⠀⠀⠀⠀⠀⠀⠀⠀⠀[0m
[38;2;95;95;95m[48;2;245;245;240m⢸⣀⣀⣀⣀⣀⣀⣀⣀⣀⣀⣀⣀[38;2;121;91;66m[48;2;255;228;124m⣎[38;2;95;95;95m⣀⣀⣀⣀⣀⣀⣀⣀⣀⣀⣀⣀[38;2;121;91;66mFlood Watch[38;2;95;95;95m⣀⣀⣀⠀⠀⠀⠀⠀⠀⠀⠀⠀[38;2;121;91;66m[48;2;245;245;240m⢣⠀⠀⠀⠀⠀⠀⠀⠀⠀⠀⠀⠀⠀⠀⠀⠀[38;2;95;95;95m⣿⠀⠀⠀⠀⠀⠀⠀⠀⠀⠀⠀⠀⠀⠀⠀⠀⠀⠀⠀⠀⢣⠀⠀⠀⠀⠀⠀⠀⠀⠀⠀⠀⠀⠀⠀⡇⠀⠀⠀⠀⠀⠀⠀⠀⠀⠀⠀⡇⠀⠀⠀⠀⠀⠀⠀⠀⠀⠀⠀⠀⠀⠀⠀⠀⠀⢸⠀⠀⠀⠀⠀⠀⠀⠀⠀⠀⠀⠀⠀⠀⠀⠀[0m
[38;2;0;0;0m[48;2;245;245;240m⠀⠀⠀⠀⠀⠀⠀⠀⠀[38;2;95;95;95m⢸⠀⠀⠀[38;2;121;91;66m[48;2;255;228;124m⡇⠀⠀⠀⠀⠀⠀⠀⠀⠀⠀⠀⠀⠀⠀⠀⠀⠀⠀⠀⠀⠀⠀⠀⠀⠀[38;2;95;95;95m⢸⠀⠀⠀⠀⠀⠀⠀⠀⠀[38;2;121;91;66m⢸[48;2;245;245;240m⠀⠀⠀⠀⠀⠀⠀⠀⠀⠀⠀⠀⠀⠀⠀⠀[38;2;95;95;95m⣞⠀⠀⠀⠀⠀⠀⠀⠀⠀⠀⠀⠀⠀⠀⣀⣀⣀⡀⠀⣀⠎⠀⠀⠀⠀[38;2;168;36;8m⣀⣀[48;2;255;190;165m⠤⠤[48;2;245;245;240m⠤⣀⡀⠀⠀⠀[38;2;95;95;95m⡇⠀⠀⠀⠀⠀⠀⠀⠀⠀⠀⠀⡇⠀⠀⠀⠀⠀⠀⠀⠀⠀⠀⠀⠀⠀⠀⠀⠀⠀⣸⠀⠀⠀⠀⠀⠀⠀⠀⠀⠀⠀⠀⠀⠀⠀⠀[0m
[38;2;0;0;0m[48;2;245;245;240m⠀⠀⠀⠀⠀⠀⠀⠀⠀[38;2;95;95;95m⢸⠀⠀⠀[38;2;121;91;66m[48;2;255;228;124m⡇⠀⠀⠀⠀⠀⠀⠀⠀⠀⠀⠀⠀⠀⠀⠀⠀⠀⠀⠀⠀⠀⠀⠀⠀⠀[38;2;95;95;95m⢸⠀⠀⠀⠀⠀⠀⠀⠀⠀[38;2;121;91;66m⠘[48;2;245;245;240m⡄⠀⠀⠀⠀⠀⠀⠀⠀⠀⠀⠀⠀⠀⠀⠀[38;2;95;95;95m⠘⣏⠉⠉⠉⠉⠉⠉⠉⠉⠉⠉⠉⠉⠉⠀⠀⠀[38;2;168;36;8m⢑⣾[48;2;255;190;165m⠤⠤⠒⠒⠉⠉⠀⠀⠀⠀⠀⠀⠈[48;2;245;245;240m⠢⡀⠀[38;2;95;95;95m⡇⠀⠀[38;2;70;70;70mIndiana⠀⠀[38;2;95;95;95m⡇⠀⠀⠀⠀⠀⠀⠀⠀⠀⠀⠀⠀⠀⠀⠀⠀⠈⣾⠀⠀⠀⠀⠀⠀⠀⠀⠀⠀⠀⠀⠀⠀⠀⠀[0m
[38;2;0;0;0m[48;2;245;245;240m⠀⠀⠀⠀⠀⠀⠀⠀⠀[38;2;95;95;95m⢸⠀⠀[38;2;121;91;66m[48;2;255;228;124m⢰⠁⠀⠀⠀⠀⠀⠀⠀⠀⠀⠀⠀⠀⠀⠀⠀⠀⠀⠀⠀⠀⠀⠀⠀⠀⠀[38;2;95;95;95m⢸⠤⠤⠤⠤⠤⠤⠤⠤⠤⠤[38;2;121;91;66m[48;2;245;245;240m⢧[38;2;95;95;95m⠤⠤⠤⠤⠤⠤⠤⠤⠤⠤⠤⠤⠤⠤⠤⠤⠬⠷⡀⡀⠀⠀⠀⠀⠀⠀⠀⠀⠀⠀⠀[38;2;168;36;8m⡠[48;2;255;190;165m⠒⠁[38;2;95;95;95m⢇⠀⠀⠀⠀⠀⠀⠀⠀⠀⠀⠀⠀⠀⠀[38;2;168;36;8m⠘[48;2;245;245;240m⡄[38;2;95;95;95m⡇⠀⠀⠀⠀⠀⠀⠀⠀⠀⠀⠀⡇⠀⠀⠀⠀⠀⠀⠀⠀⠀⠀⠀⠀⠀⠀⠀⠀⡜⢸⠀⠀⠀⠀⠀⠀⠀⠀⠀⠀⠀⠀⠀⠀⠀⠀[0m
[38;2;0;0;0m[48;2;245;245;240m⠀⠀⠀⠀⠀⠀⠀⠀⠀[38;2;95;95;95m⢸⠀⠀[38;2;121;91;66m[48;2;255;228;124m⢸⠀⠀⠀⠀⠀⠀⠀⠀⠀⠀⠀⠀⠀⠀⠀⠀⠀⠀⠀⠀⠀⠀⠀⠀⠀⠀[38;2;95;95;95m⢸⠀⠀⠀⠀⠀⠀⠀⠀⠀⠀[38;2;121;91;66m[48;2;245;245;240m⡸⠀⠀⠀⠀⠀⠀⠀⠀⠀⠀⠀⠀⠀⠀⠀⠀⠀⠀[38;2;95;95;95m⢈⡿⠀⠀⠀⠀⠀⠀⠀⠀⠀⠀[38;2;168;36;8m⢰[48;2;255;190;165m⠁⠀⠀[38;2;95;95;95m⠣⡀⠀⠀⠀⠀⠀⠀⠀⠀⠀⠀⠀⠀⠀⠀[38;2;168;36;8m⠈[48;2;245;245;240m⣇⠀⠀⠀⠀⠀⠀⠀⠀⠀⠀⠀[38;2;95;95;95m⡇⠀⠀⠀⠀⠀⠀⠀⠀⠀⠀⠀⠀⠀⠀⠀⠀⡇⠸⠤⠤⠤⠤⡤⠤⠤⡤⢤⡤⣤⡤⠤⠤⠤⠤[0m
[38;2;0;0;0m[48;2;245;245;240m⠀⠀⠀⠀⠀⠀⠀⠀⠀[38;2;95;95;95m⢸⠀⠀⠀[38;2;121;91;66m[48;2;255;228;124m⠣⣀⠀⠀⠀⠀⠀⠀⠀⠀⣀⣀⣀⣀⠀⠀⠀⠀⠀⠀⠀⠀⣀⣀⠤⠤⢼⠤⢄⣀⣀⣀⣀⡠⠤[48;2;245;245;240m⠤⠒⠁⠀⠀⠀⠀⠀⠀⠀⠀⠀⠀⠀⠀⠀⠀⠀⠀⠀⠀[38;2;95;95;95m⠈⢶⠀⠀[38;2;40;100;170m⢀⣀⣀⡠⠤⢄⠀⠀[38;2;168;36;8m⠸[48;2;255;190;165m⡀⠀⠀⠀[38;2;95;95;95m⠈⠒⡄⠀⠀⠀⠀⠀⠀⠀⠀⠀⠀⠀⠀⠀⡇[38;2;168;36;8m⠉⠉⠒⠒⠒⠤[48;2;245;245;240m⠤⣀⠀⠀⠀[38;2;95;95;95m⡇⠀⠀⠀⠀⠀⠀⠀⠀⠀⠀⠀⠀⢀⡴⠔⠋⠀⠀⠀⠀⠀⠀⡧⠊⠊⠈⢱⠢⢄⡳⢄⠀⠀⠀[0m
[38;2;0;0;0m[48;2;245;245;240m⠀⠀⠀⠀⠀⠀⠀⠀⠀[38;2;95;95;95m⢸⠀⠀⠀⠀⠀[38;2;121;91;66m⠉⠑⠒⠒⠉⠉⠉⠉⠀⠀⠀⠀⠉⠉⠉⠒⠒⠒⠉⠉⠀⠀⠀⠀[38;2;95;95;95m⢸⠀⠀⠀⠀⠀⠀⠀⠀⠀⠀⠀⠀⠀⠀⠀⠀⠀⠀⠀⠀⠀⠀⠀⠀⠀⠀⠀⠀⠀⠀⠀⢹[38;2;40;100;170m⠉⠁⠀⠀⠀⠀⠀⠣⢄⠀[38;2;168;36;8m[48;2;255;190;165m⠱⡀⠀⠀⠀⠀[38;2;95;95;95m⠸⡠⣄⡀⠀⠀⠀⠀⠀⠀⠀⠀⠀⠈⡆⠀⠀⠀⠀⠀⠀⠀⠀[38;2;168;36;8m⠉[48;2;245;245;240m⢆[38;2;95;95;95m⢐⡏⠚⢆⠀⠀⠀⠀⠀⠀⠀⠀⡠⢢⠇⠀⠀⠀⠀⠀⠀⠀⠀⠀⠀⠀⣀⡤⠊⠀⠀⠁⠘⠲⢤⡀[0m
[38;2;0;0;0m[48;2;245;245;240m⠀⠀⠀⠀⠀⠀⠀⠀⠀[38;2;95;95;95m⢸⠀⠀⠀⠀⠀⠀⠀⠀⠀⠀[38;2;70;70;70mColorado⠀⠀⠀⠀⠀⠀⠀⠀⠀⠀⠀[38;2;95;95;95m⢸⠀⠀⠀⠀⠀⠀⠀⠀⠀⠀⠀⠀⠀⠀⠀⠀⠀⠀⠀⠀⠀⠀⠀⠀⠀⠀⠀⠀⠀⠀⠀⢸⠀⠀⠀⠀⠀⠀⠀⠀⠀[38;2;40;100;170m⠑⠤[38;2;168;36;8m[48;2;255;190;165m⡧[38;2;40;100;170m⠒⠒⠢⠤⠒⠉[38;2;95;95;95m⣹[38;2;40;100;170m⠁⠀⠀⠀⠀⠀⠀⠀⠀⠀[38;2;95;95;95m⢠⠃⠀⠀⠀⠀⠀⠀⠀⠀⡎[38;2;168;36;8m⠚[48;2;245;245;240m⡏[38;2;95;95;95m⠁⠀⠈⠉⠑⠔⠢⠔⠣⡀⢀[38;2;70;70;70mWest Virginia[38;2;95;95;95m⡜⠈⠀⠀⠀⠀⠀⠀⣠⠞⠀[0m
[38;2;0;0;0m[48;2;245;245;240m⠀⠀⠀⠀⠀⠀⠀⠀⠀[38;2;95;95;95m⢸⠀⠀⠀⠀⠀⠀⠀⠀⠀⠀⠀⠀⠀⠀⠀⠀⠀⠀⠀⠀⠀⠀⠀⠀⠀⠀⠀⠀⠀⢸⠀⠀⠀⠀⠀⠀⠀⠀⠀⠀⠀[38;2;70;70;70mKansas⠀⠀⠀⠀⠀⠀⠀⠀⠀⠀⠀⠀⠀⠀[38;2;95;95;95m⢸⠀⠀⠀⠀⠀⠀⠀⠀⠀[38;2;168;36;8m[48;2;255;190;165m⡠⠊⠀⠀⠀⠀⠀⠀Severe Thunderstorm⠀[38;2;95;95;95m⡔⠎⠀⠀[38;2;168;36;8m⠘[48;2;245;245;240m⡄⠀⠀⠀⠀⠀⠀⠀⠀[38;2;95;95;95m⡸⠉⠀⠀⠀⠀⠀⠀⠀⠀⠀⠀⡰⠁⠈⠀⠀⠀⠀⠀⠀⠀⠀⠙⣻[38;2;30;80;140m⣷[0m
[38;2;0;0;0m[48;2;245;245;240m⠀⠀⠀[38;2;60;110;170m⢠⠀⠀⠀⠀⠀[38;2;95;95;95m⢸⠀⠀⠀⠀⠀⠀⠀⠀⠀⠀⠀⠀⠀⠀⠀⠀⠀⠀⠀⠀⠀⠀⠀⠀⠀⠀⠀⠀⠀⢸⠀⠀⠀⠀⠀⠀⠀⠀⠀⠀⠀⠀⠀⠀⠀⠀⠀⠀⠀⠀⠀⠀⠀⠀⠀⠀⠀⠀⠀⠀⠀⢸⠀⠀⠀⠀⠀⠀⠀[38;2;168;36;8m⢠[48;2;255;190;165m⠊⠀⠀⠀⠀⠀⠀⠀⠀⠀⠀[38;2;95;95;95m⠑⢦⡀⠀⠀⠀⠀⠀⠠⣷⢤⠖⠢⡰⠲⠜⠉⠙⠁⠀⠀⠀⠀[38;2;168;36;8m⠈[48;2;245;245;240m⢆⠀⠀⠀⠀⠀⠀⠀[38;2;95;95;95m⠈⢆⠀⠀⠀⠀⠀⠀⠀⠀⢀⠜⠀⠀⠀⠀⠀⠀⠀⠀⠀⠀⠀⠀[38;2;30;80;140m⠈⠱[0m
[38;2;0;0;0m[48;2;245;245;240m⠀⠀[38;2;60;110;170m⣤⠎⠀⠀⠀⠀⠀[38;2;95;95;95m⢸⠀⠀⠀⠀⠀⠀⠀⠀⠀⠀⠀⠀⠀⠀⠀⠀⠀⠀⠀⠀⠀⠀⠀⠀⠀⠀⠀⠀⠀⢸⠀⠀⠀⠀⠀⠀⠀⠀⠀⠀⠀⠀⠀[38;2;107;10;109m⢀⣀[48;2;224;137;202m⠤⠒⠒⠒⠒[48;2;245;245;240m⠤⡀⠀⠀⠀⠀⠀⠀⠀⠀⠀[38;2;95;95;95m⢸⠀⠀⠀⠀⠀⠀⠀[38;2;168;36;8m⢸[48;2;255;190;165m⠀⠀⠀⠀⠀⠀⠀⠀⠀⠀⠀⠀⠀[38;2;95;95;95m⢹⡀⠀⠀⠀⣀⡸⠀⠀⠀⠀⠀⠀⠀⠀⠀⠀⠀⠀⠀⠀⠀[38;2;168;36;8m⠈[48;2;245;245;240m⢆⠀⠀⠀⠀⠀⠀⠀[38;2;95;95;95m⠈⣒⢄⠀⠀⠀⠀⣀⣠⡸⠀⠀⠀⠀⠀⠀⠀⠀⠀⠀⠀⠀⠀⠀[38;2;30;80;140m⢠[0m
[38;2;60;110;170m[48;2;245;245;240m⣤⣼⣷[38;2;95;95;95m⣀⣀⣀⣀⣀⣀⣸⣀⣀⣀⣀⣀⣀⣀⣀⣀⣀⣀⣀⣀⣀⣀⣀⣀⣀⣀⣀⣀⣀⣀⣀⣀⣀⣀⣀⣀⣸⣀⣀⣀⣀⣀⣀⣀⣀⣀[38;2;107;10;109m⣀[48;2;224;137;202m⣤⣒⣊⣁[38;2;0;0;0m⣀⣀⣀⣀⣀⣀⣀[38;2;107;10;109m⣈[48;2;245;245;240m⣢⣀[38;2;95;95;95m⣀⣀⣀[38;2;107;10;109m⣀⣀⣀⣀[38;2;95;95;95m⣸⠀⠀⠀⠀⠀⠀⠀⠀[38;2;168;36;8m[48;2;255;190;165m⢣⠀⠀⠀⠀⠀⠀⠀⠀⠀⠀⠀⠀[38;2;95;95;95m⠘⣦⡔⠒⠤⡱[38;2;60;110;170m⡀⠀⠀⠀⠀⠀⠀⠀⠀⠀⠀⠀⠀⠀⠀⠀⠀[38;2;168;36;8m[48;2;245;245;240m⡸⠀⠀⠀⠀⠀⠀[38;2;95;95;95m⡔⠊⠀⠀⠑⠒⠑⠊⠁⠀⠀⠀⠀⠀⠀⠀⠀⠀⠀⠀⠀⠀⠀[38;2;30;80;140m⠈⠙⠓[0m
[38;2;0;0;0m[48;2;245;245;240m⠀⠀⠀⠀⠀⠀⠀⠀⠀[38;2;95;95;95m⢸⠀⠀⠀⠀⠀⠀⠀⠀⠀⠀⠀⠀⠀⠀⠀⠀⠀⠀⠀⠀⠀⠀⠀⠀⠀⢸⠀⠀⠀⠀⠀⠀⠀⠀⠀⠀⠀[38;2;107;10;109m[48;2;224;137;202m⡠⠊⠀⠀⠀⠀⠀⠀⠀⠀⠀⠀⠀⠀⠀⠀⠀⠉⠉⠉⠁⠀⠀⠀⢹⠒[48;2;245;245;240m⢄⠀⠀⠀⠀⠀⠀⠀[38;2;168;36;8m[48;2;255;190;165m⡇⠀⠀⠀⠀⠀⠀⠀⠀⠀⠀⠀⠀[38;2;95;95;95m⡀⣿⠀⠀⠀[38;2;60;110;170m⢷[38;2;95;95;95m⣀⣀⣀⣀⣀⣀⣀⣀⣀⠀[38;2;168;36;8m⣀⣀⡠[48;2;245;245;240m⠤⠒⠉⠀⠀⠀[38;2;95;95;95m⢀⡠⠔⠊⠀⠀⠀⠀⠀⠀⠀⠀⠀⠀⠀⠀⠀⠀⠀⠀⠀⠀⠀⠀⠀⠀⠀⠀⠀⠀[0m
[38;2;0;0;0m[48;2;245;245;240m⠀⠀⠀⠀⠀⠀⠀⠀⠀[38;2;95;95;95m⢸⠀⠀⠀⠀⠀⠀⠀⠀⠀⠀⠀⠀⠀⠀⠀⠀⠀⠀⠀⠀⠀⠀⠀⠀⠀⢸⠒⠒⠒⠒⠒⠒⠒⠒⠒⠒⠒[38;2;107;10;109m[48;2;224;137;202m⠳⣲⠀⠀⠀⠀⠀⠀⠀⠀⠀⠀⠀⠀⠀⠀⠀⠀⠀⠀⠀⠀⠀⠀[38;2;0;0;0m⢸⠒[38;2;107;10;109m⠚⠲[48;2;245;245;240m⡒[38;2;95;95;95m⠒⠒⠒⠒⠒[38;2;168;36;8m[48;2;255;190;165m⢳[38;2;95;95;95m⠒⠒⠒⠒⠒⠒⠒⠒⠒⡆⠀⣸⠛⠓⠒⠒⠒[38;2;60;110;170m⢺⣇⠀⠀[38;2;168;36;8m⢀⡠[48;2;245;245;240m⠔⠒⠉⠉⠉[38;2;95;95;95m⠉⠉⠉⠉⠉⠉⠉⠉⠉⠉⠉⠉⠉⠉⠉⠉⢉⡟⠉⠉⠉⠉⠉⠉⠉[38;2;49;49;50m⣉[48;2;184;187;184m⠭⠭[48;2;245;245;240m⠭⣉⡉[38;2;95;95;95m⠉⠉⠉⠉⠉⠉⠉⠉[0m
[38;2;0;0;0m[48;2;245;245;240m⠀⠀⠀⠀⠀⠀⠀⠀⠀[38;2;95;95;95m⢸⠀⠀⠀⠀⠀⠀⠀⠀⠀⠀⠀⠀⠀⠀⠀⠀⠀⠀⠀⠀⠀⠀⠀⠀⠀⢸⠀⠀⠀⠀⠀⠀⠀⠀⠀⠀⠀⠀[38;2;107;10;109m⢹[48;2;224;137;202m⡄⠀⠀⠀⠀⠀⠀⠀⠀⠀⠀⠀⠀⠀⠀⠀⠀⠀⠀⠀⠀⠀⠀[38;2;0;0;0m⡇⠀⠀[38;2;107;10;109m⠈[48;2;245;245;240m⠢⡀⠀⠀⠀[38;2;168;36;8m⠸[48;2;255;190;165m⡀⠀⠀⠀⠀⠀⠀⠀[38;2;95;95;95m⠮⠤⢤⡇⠀[38;2;168;36;8m⣀⣀⣀⣀⣀⣟[48;2;245;245;240m⠤⠒⠁⠀⠀⠀⠀⠀⠀⠀⠀⠀⠀⠀⠀⠀⠀⠀⠀⠀⠀[38;2;95;95;95m⣠⢤⠔⠑⠊⠀⠀⠀⠀⠀[38;2;49;49;50m⢀[48;2;184;187;184m⠔⠉⠀⠀⠀⠀⠀⠈⠉⠒⠒⠤[48;2;245;245;240m⢄⡀⠀[38;2;30;80;140m⢸[0m
[38;2;0;0;0m[48;2;245;245;240m⠀⠀⠀⠀⠀⠀⠀⠀⠀[38;2;95;95;95m⢸⠀⠀⠀⠀⠀⠀⠀⠀⠀⠀⠀⠀⠀⠀⠀⠀⠀⠀⠀⠀⠀⠀⠀⠀⠀⢸⠀⠀⠀⠀⠀⠀⠀⠀⠀⠀⠀⠀⢸[38;2;107;10;109m⠈[48;2;224;137;202m⢆⠀⠀⠀⠀⠀⠀⠀⠀⠀⠀⠀⠀⠀⠀⠀⠀⠀⠀⠀⠀⠀[38;2;0;0;0m⢣⠀⠀⠀⠀[38;2;107;10;109m⠸[48;2;245;245;240m⡀⠀⠀⠀[38;2;168;36;8m[48;2;255;190;165m⠱⡀⠀⠀⠀⠀⢀⣀⣀⢴[48;2;245;245;240m⡞⠊⠉⠀⠀⠀⠀⠀⠀⠀⠀[38;2;70;70;70mTennessee⠀⠀⠀⠀⠀⠀[38;2;95;95;95m⣀⣀⠤⠚⠁⠀[38;2;49;49;50m⢀⣀⣀⣀⣀⣀⣀[48;2;184;187;184m⡠[38;2;70;70;70mNorth Carolina[38;2;49;49;50m⠈⢑[48;2;245;245;240m⢄[0m
[38;2;0;0;0m[48;2;245;245;240m⠀⠀⠀⠀⠀⠀⠀⠀⠀[38;2;95;95;95m⢸⠀⠀⠀⠀⠀⠀⠀⠀⠀⠀⠀⠀⠀⠀⠀⠀⠀⠀⠀⠀⠀⠀⠀⠀⠀⢸⠀⠀⠀⠀⠀⠀⠀⠀⠀⠀⠀⠀⢸⠀[38;2;107;10;109m[48;2;224;137;202m⡜⠀⠀⠀Tornado Emergency⠀[38;2;0;0;0m⢸⠀⠀⠀[38;2;107;10;109m⢀[48;2;245;245;240m⠤⠃⠀⠀⠀⠀[38;2;168;36;8m⠈⠉⠉⠉⠉⠁⠀[38;2;95;95;95m⢀⡏⠀⠀⠀⠀⠀⠀⠀⠀⠀⠀⠀⠀⠀⠀⠀⠀⠀⠀⠀⠀⠀⠀⠀⠀⡠⠜⠀⠀⠀[38;2;49;49;50m⡠[48;2;184;187;184m⠒⣉⣁[38;2;95;95;95m⣀⣀⣀⣀⣀⡀⠀⠀⠀⠀⠀⠀⠀⠀⠀⠀⠀⠀⠀⠀⠀⠀[38;2;30;80;140m⡈[38;2;49;49;50m⠉[0m
[38;2;0;0;0m[48;2;245;245;240m⠀⠀⠀⠀⠀⠀⠀⠀⠀[38;2;95;95;95m⢸⠀⠀⠀⠀⠀⠀⠀⠀⠀⠀⠀⠀⠀⠀⠀⠀⠀⠀⠀⠀⠀⠀⠀⠀⠀⢸⠀⠀⠀⠀⠀⠀⠀⠀⠀⠀⠀⠀⢸[38;2;107;10;109m[48;2;224;137;202m⢰⠁⠀⠀⠀⠀⠀⠀⠀⠀⠀⠀⠀⠀⠀⠀⠀⠀⠀⠀⠀⠀⠀⢸⡠[48;2;245;245;240m⠔⠊⠁⠀⠀⠀⠀⠀⠀⠀⠀⠀⠀⠀⠀[38;2;95;95;95m⢠⠾⠓⠒⠒⠒⠒⠒⠒⠒⢲⠒⢒[38;2;60;110;170m⣶⣖[38;2;95;95;95m⡒⠒⠒⠒⠒⠒⢲⠒⠒⠒⠒⠒⠓⠒⠒⠒[38;2;49;49;50m[48;2;184;187;184m⣲⠓[38;2;95;95;95m⠉⠀⠀⠀⠀⠀⠀⠀⠉⣆⣀⣀⣀⣀⡀⠀⠀⠀⠀⠀⠀⠀⠀⠀⠀[38;2;30;80;140m⠙[38;2;49;49;50m⡲[0m
[38;2;0;0;0m[48;2;245;245;240m⠀⠀⠀⠀⠀⠀⠀⠀⠀[38;2;95;95;95m⢸⠀⠀⠀⠀⠀⠀⠀[38;2;70;70;70mNew Mexico⠀⠀⠀⠀⠀⠀⠀⠀[38;2;95;95;95m⢸⠀⠀⠀⠀⠀⠀⠀⠀⠀⠀⠀⠀⠘⠢[38;2;107;10;109m[48;2;224;137;202m⣣⣄⠀⠀⠀⠀⠀⠀⠀⠀⠀⠀⠀⠀⠀⠀⠀⠀⠀⠀⡠[48;2;245;245;240m⠊⡝⠀⠀⠀⠀⠀⠀⠀⠀⠀⠀⠀⠀⠀⠀⠀[38;2;95;95;95m⣀⡟⠀⠀⠀⠀⠀⠀⠀⠀⠀⢸⠀⠀⠀[38;2;60;110;170m⠈⠙⠂⠀⠀⠀⠀[38;2;95;95;95m⠈⡆⠀⠀⠀⠀⠀⠀[38;2;49;49;50m⢠[48;2;184;187;184m⠊[38;2;95;95;95m⠑⠢⢤⠀⠀⠀⠀⠀⠀⠀⠀⠀⠀⠀⠀⠀⠈⠢⡀⠀⠀⠀⠀⠀⠀[38;2;30;80;140m⣀[38;2;49;49;50m⢗[48;2;196;220;240m⠝⠉[0m
[38;2;0;0;0m[48;2;245;245;240m⠀⠀⠀⠀⠀⠀⠀⠀⠀[38;2;95;95;95m⢸⠀⠀⠀⠀⠀⠀⠀⠀⠀⠀⠀⠀⠀⠀⠀⠀⠀⠀⠀⠀⠀⠀⠀⠀⠀⡎⠀⠀⠀⠀⠀⠀⠀⠀⠀⠀⠀⠀⠀⠀⠀[38;2;107;10;109m⠑[48;2;224;137;202m⢗[38;2;0;0;0m⠒⠤⡤⢤⡀⢀⠀⠀⠀⠀⠀⠀⠀⠀⠀[38;2;107;10;109m⣀[48;2;245;245;240m⠔⠁⠀[38;2;95;95;95m⡇⠀⠀⠀⠀⠀⠀⠀⠀⠀⠀⠀⠀⠀⠀⣰⠋⠀⠀⠀⠀⠀⠀⠀⠀⠀⠀⡇⠀⠀⠀⠀⠀⠀⠀⠀⠀⠀⠀⡇⠀⠀⠀⠀⠀[38;2;49;49;50m[48;2;184;187;184m⡔⠁⠀⠀⠀[38;2;95;95;95m⠈⢆⠀⠀⠀⠀⠀⠀⠀⠀⠀⠀⠀⠀⠀⠀⠈⠢⡀⠀⠀[38;2;30;80;140m⢠⡜⠀[38;2;49;49;50m[48;2;196;220;240m⡎⠀⠀[0m
[38;2;0;0;0m[48;2;245;245;240m⠀⠀⠀⠀⠀⠀⠀⠀⠀[38;2;95;95;95m⢸⠀⠀⠀⠀⠀⠀⠀⠀⠀⠀⠀⠀⠀⠀⠀⠀⠀⠀⠀⠀⠀⠀⠀⠀⠀⡇⠀⠀⠀⠀⠀⠀⠀⠀⠀⠀⠀⠀⠀⠀⠀⠀[38;2;107;10;109m⠈[48;2;224;137;202m⢆⠀⠀⠀[38;2;0;0;0m⠑⠁⠙⠺⠞⠒[38;2;107;10;109m⢓⡦[48;2;245;245;240m⠖⠛⠉[38;2;95;95;95m⠒⠉⠢⣄⡇⣀⠀⠀⠀⠀⠀⠀⠀⠀⠀⠀⠀⠀⣰⠃⠀⠀⠀⠀⠀⠀⠀⠀⠀⠀⠀⡇⠀⠀⠀⠀⠀⠀⠀⠀⠀⠀⠀⢸⠀⠀⠀⠀[38;2;49;49;50m⠘[48;2;184;187;184m⡄⠀⠀⠀⠀⠀[38;2;0;0;0m⢘[38;2;49;49;50mSpecial Statement[38;2;30;80;140m⠊⠉⠉⠀⠀[38;2;49;49;50m⠱[48;2;196;220;240m⡀⠀[0m
[38;2;0;0;0m[48;2;245;245;240m⠀⠀⠀⠀⠀⠀⠀⠀⠀[38;2;95;95;95m⢸⠀⠀⠀⠀⠀⠀⠀⠀⠀⠀⠀⠀⠀⠀⠀⠀⠀⠀⠀⠀⠀⠀⠀⠀⠀⡇⠀⠀⠀⠀⠀⠀⠀⠀⠀⠀⠀⠀⠀⠀⠀⠀⠀[38;2;107;10;109m⠈[48;2;224;137;202m⢆⠀⠀⠀⠀⠀⣀[48;2;245;245;240m⠤⠊⠁⠀⠀⠀⠀⠀⠀⠀⠀[38;2;95;95;95m⠈⠉⡇⠀⠀⠀⠀⠀⠀⠀⠀⠀⠀⠀⢻⠀⠀⠀⠀⠀⠀⠀⠀⠀⠀⠀⢠⠃⠀⠀[38;2;70;70;70mAlabama⠀⠀[38;2;95;95;95m⠸⡀⠀⠀⠀⠀[38;2;49;49;50m⠈⠒[48;2;184;187;184m⠤⣀⠀⠀⠀⠀[38;2;95;95;95m⠈⢲⡀⠀⠀⠀⠀⠀⠀⠀⠀⠀[38;2;30;80;140m⢠⡶⠁⠀⠀⠀⠀⠀⠀⠀[38;2;49;49;50m[48;2;196;220;240m⢱⠀[0m
[38;2;0;0;0m[48;2;245;245;240m⠀⠀⠀⠀⠀⠀⠀⠀⠀[38;2;95;95;95m⢸⠀⠀⠀⠀⠀⠀⠀⠀⠀⠀⠀⠀⠀⠀⠀⠀⠀⠀⠀⠀⠀⠀⠀⠀⠀⡇⠀⠀⠀⠀⠀⠀⠀⠀⠀⠀⠀⠀⠀⠀⠀⠀⠀⠀⠀[38;2;107;10;109m⠉⠒⠒⠊⠉⠀⠀⠀⠀⠀⠀⠀⠀⠀⠀⠀⠀⠀⠀[38;2;95;95;95m⡧⠤⠤⠤⠤⠤⠔⠒⠒⠒⠒⠒⢺⠅⠀⠀⠀⠀⠀⠀⠀⠀⠀⠀⢸⠀⠀⠀⠀⠀⠀⠀⠀⠀⠀⠀⠀⠀⡇⠀⠀⠀⠀⠀⠀⠀⠀[38;2;49;49;50m⠉⠑⠢[48;2;184;187;184m⠤⣀⠀[38;2;95;95;95m⠑⢆⠀⠀⠀⠀⠀⠀⠀[38;2;30;80;140m⣠⠊⠁⠀⠀⠀⠀⠀⠀⠀[38;2;49;49;50m⢠[48;2;196;220;240m⠊⠀[0m
[38;2;0;0;0m[48;2;245;245;240m⠀⠀⠀⠀⠀⠀⠀⠀⠀[38;2;95;95;95m⢸⠀⠀⠀⠀⠀⠀⠀⠀⠀⠀⠀⠀⠀⠀⠀⠀⠀⠀⠀⠀⠀⠀⠀⠀⠀⡇⠀⠀⠀⠀⠀⠀⠀⠀⠀⠀⠀⠀⠀⠀⠀⠀⠀⠀⠀⠀⠀⠀⠀⠀⠀⠀⠀⠀⠀⠀⠀⠀⠀⠀⠀⠀⠀⠀⡇⠀⠀⠀⠀⠀⠀⠀⠀⠀⠀⠀⢸⡆⠀⠀⠀⠀⠀⠀⠀⠀⠀⠀⢸⠀⠀⠀⠀⠀⠀⠀⠀⠀⠀⠀⠀⠀⠘⡄⠀⠀⠀⠀⠀⠀⠀⠀⠀⠀⠀⠀[38;2;49;49;50m⠱[48;2;184;187;184m⡀[38;2;95;95;95m⠸⣀⠀[38;2;30;80;140m⡀⣄⡠⠤⠋⠀⠀⠀⠀⠀⠀⠀⠀⠀[38;2;49;49;50m[48;2;196;220;240m⡰⠁⠀⠀[0m
[38;2;0;0;0m[48;2;245;245;240m⠀⠀⠀⠀⠀⠀⠀⠀⠀[38;2;95;95;95m⢸⠀⠀⠀⠀⠀⠀⠀⠀⠀⠀⠀⠀⠀⠀⠀⠀⠀⠀⠀⠀⠀⠀⠀⠀⠀⡇⠀⠀⠀⠀⠀⠀⠀⠀⠀⠀⠀⠀⠀⠀⠀⠀⠀⠀⠀⠀⠀⠀⠀⠀⠀⠀⠀⠀⠀⠀⠀⠀⠀⠀⠀⠀⠀⠀⡇⠀⠀⠀⠀⠀⠀⠀⠀⠀⠀⠀[38;2;40;100;170m⢀[38;2;95;95;95m⡝⠀⠀⠀⠀⠀⠀⠀⠀⠀⠀⡇⠀⠀⠀⠀⠀⠀⠀⠀⠀⠀⠀⠀⠀⠀⡕⠀⠀⠀⠀⠀⠀⠀⠀⠀⠀⠀⠀⠀[38;2;49;49;50m⠈⠒[48;2;184;187;184m⠺⣤⣯⣋⠀⠀⠀⠀⠀⠀⠀⠀⠀⠀⠀⢠[48;2;196;220;240m⠃⠀⠀⠀[0m
[38;2;0;0;0m[48;2;245;245;240m⠀⠀⠀⠀⠀⠀⠀⠀⠀[38;2;95;95;95m⢸⠀⠀⠀[38;2;20;20;20m⡤⠤⠤⠤⠤⠤⠬[38;2;95;95;95m⠯⡉⠉⠉⠉⠉⠉⠉⠉⠉⠉⠉⠉⠉⠉⠁⠀⠀⠀⠀⠀⠀⠀⠀⠀⠀⠀⠀⠀⠀⠀⠀⠀⠀⠀⠀⠀⠀⠀⠀⠀⠀⠀⠀⠀⠀⠀⠀⠀⠀⠀⠀⠀⠀⠑⡄⠀⠀⠀⠀⠀⠀⠀⠀⠀⢰⠎⠁⠀⠀⠀⠀⠀⠀⠀⠀⠀⠀⡇⠀⠀⠀⠀⠀⠀⠀⠀⠀⠀⠀⠀⠀⢰⠁⠀⠀⠀⠀⠀⠀⠀⠀⠀⠀⠀⠀⠀⠀⠀[38;2;30;80;140m⢀[48;2;196;220;240m⠎⠀⠀[38;2;49;49;50m⠉⠒[48;2;184;187;184m⢄⡀⠀⠀⠀⠀⠀⠀⢀[48;2;196;220;240m⠇⠀⠀⠀⠀[0m
[38;2;20;20;20m[48;2;245;245;240m⢄⣀⣀⣀⣀⣀⣀⣀⣀[38;2;95;95;95m⣸[38;2;20;20;20m⣀⣀⣀⡇⠀⠀⠀⠀⠀⠀⠀⠈⠢⡀⠀⠀⠀⠀⠀⠀⠀⠀⠀⠀⠀⠀⠀⠀⠀⠀⠀⠀⠀⠀⠀⠀⠀⠀⠀⠀⠀⠀[38;2;70;70;70mTexas⠀⠀⠀⠀⠀⠀⠀⠀⠀⠀⠀⠀⠀⠀⠀⠀⠀⠀[38;2;95;95;95m⢱⠀⠀⠀⠀⠀⠀⠀⠀⢀⡎⠀⠀⠀⠀⠀⠀⠀⠀⠀⠀⠀⠀⡇⠀⠀⠀⠀⠀⠀⠀⠀⠀⠀⠀⠀⠀⢠⠃⠀⠀⠀⠀⠀⠀⠀⠀⠀⠀⠀⠀⠀⠀[38;2;30;80;140m⠠[48;2;196;220;240m⡟⠀⠀⠀⠀⠀⠀[38;2;49;49;50m⠈⠑⠒⠤[48;2;184;187;184m⠤[48;2;196;220;240m⠤⠊⠁⠀⠀⠀⠀⠀[0m
[38;2;0;0;0m[48;2;245;245;240m⠀⠀⠀⠀⠀⠀⠀⠀⠀[38;2;95;95;95m⢸⠀⠀⠀⠀⠀⠀⠀⠀⠀⠀⠀⠀⠀[38;2;20;20;20m⠈⠢⡀⠀⠀⠀⠀⠀⠀⠀⠀⠀⠀⠀⠀⠀⠀⠀⠀⠀⠀⠀⠀⠀⠀⠀⠀⠀⠀⠀⠀⠀⠀⠀⠀⠀⠀⠀⠀⠀⠀⠀⠀⠀⠀⠀⠀⠀⠀⠀⠀⠀⠀[38;2;95;95;95m⡧⠀⠀[38;2;70;70;70mLouisiana[38;2;95;95;95m⠤⠤⠤⠤⢤⠀⠀⠀⠀⠀⢣⠀⠀⠀⡤⠤⠤⠤⠤⠤⠤⠤⠤⠤⠬⢆⠀⠀⠀⠀⠀⠀⠀⠀⠀⠀⠀⠀⠀⠀[38;2;30;80;140m[48;2;196;220;240m⡸⠀⠀⠀⠀⠀⠀⠀⠀⠀⠀⠀⠀⠀⠀⠀⠀⠀⠀⠀⠀[0m
[38;2;0;0;0m[48;2;245;245;240m⠀⠀⠀⠀⠀⠀⠀⠀⠀[38;2;95;95;95m⠈⠢⢄⠀⠀⠀⠀⠀⠀⠀⠀⠀⠀⠀⠀⠀[38;2;20;20;20m⠈⠒⡄⠀⠀⠀⠀⠀⠀⠀⠀⠀⠀⠀⠀⠀⠀⠀⠀⠀⠀⠀⠀⠀⠀⠀⠀⠀⠀⠀⠀⠀⠀⠀⠀⠀⠀⠀⠀⠀⠀⠀⠀⠀⠀⠀⠀⠀⠀⠀[38;2;95;95;95m⢠⠃⠀⠀⠀⠀⠀⠀⠀⠀[38;2;40;100;170m⠱⡀⠀⠀⠀⠀⠀[38;2;95;95;95m⢣⡀⠀⠀⠀⠀⢸⠀[38;2;30;80;140m⣦⠀[38;2;95;95;95m⢳[38;2;30;80;140m⢀⣠⠀⢀⣀⡀⠀⠀⠀⠀[38;2;95;95;95m⠘⠒⠒⠒⠒⠒⠢⠤⠤⠤⠤⠤⡄⡏⠒[38;2;30;80;140m[48;2;196;220;240m⢇⠀⠀⠀⠀⠀⠀⠀⠀⠀⠀⠀⠀⠀⠀⠀⠀⠀⠀⠀⠀[0m
[38;2;0;0;0m[48;2;245;245;240m⠀⠀⠀⠀⠀⠀⠀⠀⠀⠀⠀[38;2;95;95;95m⢸⠀⠀⠀⠀⠀⠀⠀⠀⠀⠀⠀⠀⠀⠀⠀[38;2;20;20;20m⠘⡄⠀⠀⠀⠀⠀⠀⠀⠀⠀⠀⠀⠀⠀⠀⠀⠀⠀⠀⠀⠀⠀⠀⠀⠀⠀⠀⠀⠀⠀⠀⠀⠀⠀⠀⠀⠀⠀⠀⠀⠀⠀⠀⠀⠀⠀⠀[38;2;95;95;95m⢸⠀⠀⠀⠀⠀⠀⠀⠀⠀⠀[38;2;40;100;170m⠑⣄⣀[38;2;30;80;140m⢀[48;2;196;220;240m⣎⢙[48;2;245;245;240m⣢⣧[48;2;196;220;240m⡴⠮⢍⠉[38;2;95;95;95m⠹[38;2;30;80;140m⠉⠾⠒⠛⠛⠛⠉⠁⠙⠓⠤[48;2;245;245;240m⣔⠀⠀⠀⠀⠀⣀⡀⠀⠀⠀⠀⠀⠀⠀[38;2;95;95;95m⠉⠁⠀[38;2;30;80;140m[48;2;196;220;240m⢸⠀⠀⠀⠀⠀⠀⠀⠀⠀⠀⠀⠀⠀⠀⠀⠀⠀⠀⠀⠀[0m
[38;2;60;60;60m[48;2;245;245;240m├──────────────────────┤ 500 km⠀⠀⠀⠀⠀⠀[38;2;20;20;20m⡤⠔⠢⠤⠤⢄[38;2;60;110;170m⡀⠀⠀⠀⠀⠀⠀⠀⠀⠀⠀⠀⠀⠀⠀⠀⠀⠀⠀⠀⠀⠀⠀⠀⠀⠀⠀[38;2;30;80;140m⣠⡀⠀⢀⣠[48;2;196;220;240m⡣⠤⠤[48;2;245;245;240m⢄⡀⠀⠀⢀[48;2;196;220;240m⠤[48;2;245;245;240m⣀⠀⠀[38;2;30;91;94m⢀[48;2;142;205;255m⡨⠭[48;2;245;245;240m⠿⣳⣘[48;2;196;220;240m⣪⣧⣀⣀[38;2;90;90;90mOpenFreeMap (c)[48;2;245;245;240m [48;2;196;220;240mOpenMa[48;2;245;245;240mpTiles Dat[48;2;196;220;240ma from OpenStreetMap[0m
