Specimen 29 control-no-radar · truecolor · 149x38 · Hamlin WV · Flash Flood Warning (Severe) Lincoln, WV; Putnam, WV, go-tuimaps public calls · radar IEM n0q 2026-09-23 14:28Z · centre 38.305,-81.986 z10.17 · status complete
[38;2;255;255;255m[48;2;16;22;28m⠀⠀⠀⠀⠀⠀⠀⠀⠀⠀⠀⠀⠀⠀⠀⠀⠀⠀⠀⠀[38;2;190;190;190m⣼[38;2;170;215;255m⠃⠀⠀⠀⠀⠀⠀⠀⠀⠀⠀⠀⠀⠀⠀⠀⠀⠀⠀⠀⠀⠀⠀⠀⠀⠀⠀⠀⠀⠀⠀⠀⠀⠀⠀⠀⠀⠀⠀⠀⠀⠀⠀⠀⠀⠀⠀⠀⠀⠀[38;2;190;190;190m⢸⠀⠀⠀⠀⠀⠀⠀⠀⠀⠀⠀⠀⠀⠀⠀⠀⠀⠀⠀⠀⠀⠀⠀⠀⠀⠀⠀⠀⠀⠀⠀⠀⠀⠀⠀⠀⠀⠀⠀⠀⠀⠀⠀⠀⠀⠀⠀⠀⠀⠀⣼[38;2;170;215;255m⠋⠀⢀⣰[38;2;90;140;90m⡿⠔⠕⠀⠀⠀⠀⠀[38;2;120;160;200m⠈[38;2;170;215;255m⠙⠶⣄[38;2;200;180;160m⢰⠁⠀⠀⠀⠀⠀⠀[38;2;190;190;190m⠈⠉[0m
[38;2;255;255;255m[48;2;16;22;28m⠀⠀⠀⠀⠀⠀⠀⠀⠀⠀⠀⠀⠀⠀⠀⠀⠀[38;2;190;190;190m⡠⡖⠉[38;2;170;215;255m⠁⠀⠀⠀⠀⠀⠀⠀⠀⠀⠀⠀⠀⠀⠀⠀⠀⠀⠀⠀⠀⠀⠀⠀⠀⠀⠀⠀⠀⠀⠀⠀⠀⠀⠀⠀⠀⠀⠀⠀⠀⠀⠀⠀⠀⠀⠀⠀⠀[38;2;190;190;190m⢀⡠⠊⠀⠀⠀⠀⠀⠀⠀⠀⠀⠀⠀⠀⠀⠀⠀⠀⠀⠀⠀⠀⠀⠀⠀⠀⠀⠀⠀⠀⠀⠀⠀⠀⠀⠀⠀⠀⠀⠀⠀⠀⠀⠀⠀⠀⠀⠀⠀⠀⠀⠀⡏⠀[38;2;170;215;255m[48;2;24;44;72m⢾[38;2;120;160;200m[48;2;16;22;28m⡋⠁⠀[38;2;170;215;255m⣀⣠⠤⠤⠤⠤⠤⠤⠶⢄⡀[38;2;120;160;200m⢻[38;2;200;180;160m⣆⠀⠀⠀⠀⠀⠀⠀⠀[0m
[38;2;255;255;255m[48;2;16;22;28m⠀⠀⠀⠀⠀⠀⠀⠀⠀⠀⠀⠀⠀⠀⠀[38;2;190;190;190m⢠[38;2;170;215;255m⣊⠎⠀⠀⠀⠀⠀⠀⠀⠀⠀⠀⠀⠀⠀⠀⠀⠀⠀⠀⠀⠀⠀⠀⠀⠀⠀⠀⠀⠀⠀⠀⠀⠀⠀⠀⠀⠀⠀⠀⠀⠀⠀⠀⠀⠀⠀⠀⠀⠀⠀⠀⠀[38;2;190;190;190m⠘⡄⠀⠀⠀⠀⠀⠀⠀⠀⠀⠀⠀⠀⠀⠀[38;2;255;128;80m[48;2;112;36;28m⡏⠒[48;2;16;22;28m⠤⣀⠀⠀⠀⠀⠀⠀⠀⠀⠀⠀⠀⠀⠀⠀⠀⠀⠀⠀⠀⠀⠀⠀⠀⠀⠀⠀⠀⠀⠀⠀⠀⠀⠀[38;2;190;190;190m⡇⠀[38;2;120;160;200m⠈[38;2;170;215;255m⠓⠖⠋[38;2;120;160;200m⠁⠀⠀[38;2;200;180;160m⡠⠔⠊⠉⠉⠉⠒⠛⠛⠃⠀⠀⠀⠀⠀⠀⠀⠀[0m
[38;2;255;255;255m[48;2;16;22;28m⠀⠀⠀⠀⠀⠀⠀⠀⠀⠀⠀⠀⠀⠀[38;2;190;190;190m⠐⢧[38;2;170;215;255m⠤⢤⠀⠀⠀⠀⠀⠀⠀⠀⠀⠀⠀⠀⠀⠀⠀⠀⠀⠀⠀⠀⠀⠀⠀⠀⠀⠀⠀⠀⠀⠀⠀⠀⠀⠀⠀⠀⠀⠀⠀⠀⠀⠀⠀⠀⠀⠀⠀⠀⠀⠀⠀[38;2;190;190;190m⢠⠃⠀⠀⠀⠀⠀⠀⠀⠀⠀⠀⠀⠀⠀⠀[38;2;255;128;80m[48;2;112;36;28m⡇⠀⠀⠀⠉⠒[48;2;16;22;28m⠤⣀⠀⠀⠀⠀⠀⠀⠀⠀⠀⠀⠀⠀⠀⠀⠀⠀⠀⠀⠀⠀⠀⠀⠀⠀⠀⠀⠀⠀⠀[38;2;190;190;190m⡗[38;2;170;215;255m⠒⠤⠤⠤⠤⠤⣀[38;2;200;180;160m⣸⡀⠀⠀⠀⠀⠀⠀⠀⠀⠀⠀⠀⠀⠀⠀⠀⠀⠀[0m
[38;2;255;255;255m[48;2;16;22;28m⠀⠀⠀⠀⠀⠀⠀⠀⠀⠀⠀⠀⠀[38;2;190;190;190m⡠⠔⢇⠀[38;2;170;215;255m⣘⠲⡀⠀⠀⠀⠀⠀⠀⠀⠀⠀⠀⠀⠀⠀⠀⠀⠀⠀⠀⠀⠀⠀⠀⠀⠀⠀⠀⠀⠀⠀⠀⠀⠀⠀⠀⠀⠀⠀⠀⠀⠀⠀⠀⠀⠀⠀⠀⠀⠀⠀[38;2;190;190;190m⡇⠀⠀⠀⠀⠀⠀⠀⠀⠀⠀⠀⠀⠀⠀[38;2;255;128;80m⢀[48;2;112;36;28m⠇⠀⠀⠀⠀⠀⠀⠀⠉⠒⠤[48;2;16;22;28m⣀⠀⠀⠀⠀⠀⠀⠀⠀⠀⠀⠀⠀⠀⠀⠀⠀⠀⠀⠀⠀⠀⠀⠀⠀⠀[38;2;190;190;190m⠘⡄⠀⠀⠀⠀⠀⠀⠀[38;2;170;215;255m⠙[38;2;200;180;160m⡇⠀⠀⠀⠀⠀⠀⠀⠀⠀⠀⠀⠀⠀⠀⠀⠀[0m
[38;2;255;255;255m[48;2;16;22;28m⠀⠀⠀⠀⠀⠀⠀⠀⠀⠀⠀[38;2;190;190;190m⢀⠜⠀⠀⠀⡱[38;2;170;215;255m⠁⠉⠁⠀⠀⠀⠀⠀⠀⠀⠀⠀⠀⠀⠀⠀⠀⠀⠀⠀⠀⠀⠀⠀⠀⠀⠀⠀⠀⠀⠀⠀⠀⠀⠀⠀⠀⠀⠀⠀⠀⠀⠀⠀⠀⠀⠀⠀⠀⠀⠀⠀[38;2;190;190;190m⡇⠀⠀⠀⠀⠀⠀⠀⠀⠀⠀⠀⠀⠀[38;2;255;128;80m[48;2;112;36;28m⡠⠃⠀⠀⠀⠀⠀⠀⠀⠀⠀⠀⠀⠀⠉⠒⠤[48;2;16;22;28m⣀⠀⠀⠀⠀⠀⠀⠀⠀⠀⠀⠀⠀⠀⠀⠀⠀⠀⠀⠀⠀⠀[38;2;190;190;190m⡏⠁⠀⠀⠀⠀⠀⠀[38;2;170;215;255m⢀[38;2;200;180;160m⡜⠁⣠⣤⣄⠀⠀⠀⠀⠀⠀⠀⠀⠀⠀⠀⠀⠀[0m
[38;2;190;190;190m[48;2;16;22;28m⣄⠀⢀⠀⠀⠀⠀⠀⠀⠀⢠⠃⠀⠀⠀⡜[38;2;170;215;255m⠁⠀⠀⠀⠀⠀⠀⠀⠀⠀⠀⠀⠀⠀⠀⠀⠀⠀⠀⠀⠀⠀⠀⠀⠀⠀⠀⠀⠀⠀⠀⠀⠀⠀⠀⠀⠀⠀⠀⠀⠀⠀⠀⠀⠀⠀⠀⠀⠀⠀⠀⠀⠀[38;2;190;190;190m⠈⡆⠀⠀⠀⠀⠀⠀⠀⠀⠀⠀[38;2;255;128;80m⢀[48;2;112;36;28m⠜⠀⠀⠀⠀⠀⠀⠀⠀⠀⠀⠀⠀⠀⠀⠀⠀⠀⠀⠉⠒⠤[48;2;16;22;28m⣀⠀⠀⠀⠀⠀⠀⠀⠀⠀⠀⠀⠀⠀⠀⠀⠀⠀[38;2;190;190;190m⠈⢆⠀⠀⠀⠀⠀[38;2;170;215;255m⢀⠎[38;2;200;180;160m⠑[38;2;170;215;255m⡞⠀⠀⠘[38;2;200;180;160m⢵⡀⠀⠀⠀⠀⠀⠀⠀⠀⠀⠀⠀[0m
[38;2;255;255;255m[48;2;16;22;28m⠀[38;2;190;190;190m⠉⠉⢇⣀⠀⠀⢀⠤⠒⠁⠀⠀⠀⠀⠙⠛[38;2;170;215;255m⠛[38;2;190;190;190m⠫⠦⣀[38;2;170;215;255m⠤⡀⠀⠀⠀⠀⠀⠀⠀⠀⠀⠀⠀⠀⠀⠀⠀⠀⠀⠀⠀⠀⠀⠀⠀⠀⠀⠀⠀⠀⠀⠀⠀⠀⠀⠀⠀⠀⠀⠀⠀⠀⠀⠀⠀⠀⠀⠀[38;2;190;190;190m⢀⠇⠀⠀⠀⠀⠀⠀⠀⠀⠀[38;2;255;128;80m[48;2;112;36;28m⡰⠁⠀⠀⠀⠀⠀⠀⠀⠀⠀⠀⠀⠀⠀⠀⠀⠀⠀⠀⠀⠀⠀⠀⠀[48;2;16;22;28m⡝⠀⠀⠀⠀⠀⠀⠀⠀⠀⠀⠀⠀⠀⠀⠀⠀⠀⠀[38;2;190;190;190m⠣⡀⠀⠀⠀[38;2;170;215;255m⠸⣀⠜⠀⠀⠀⠀⣀[38;2;200;180;160m⣱⠀⠀⠀⠀⠀⠀⠀⠀⠀⠀⠀[0m
[38;2;255;255;255m[48;2;16;22;28m⠀⠀⠀⠀⠀[38;2;190;190;190m⠉⠒⠁⠀⠀⠀⠀⠀⠀⠀⠀⠀⠀⠀⠀⠀⠹[38;2;210;210;230m⣳⣀[38;2;170;215;255m⡔⢇⢀⣀⠀⡠⠊⠉⢢⠀⠀⠀⠀⠀⠀⠀⠀⠀⠀⠀⠀⠀⠀⠀⠀⠀⠀⠀⠀⠀⠀⠀⠀⠀⠀⠀⠀⠀⠀[38;2;190;190;190m⡀⠀⠀⠀⢀[38;2;170;215;255m⣔⢧⡀⠀⡰⡆⠀⠀⠀⠀[38;2;255;128;80m⢀[48;2;112;36;28m⠎⠀⠀⠀⠀⠀⠀⠀⠀⠀⠀⠀⠀⠀⠀⠀⠀⠀⠀⠀⠀⠀⠀⠀⠀[48;2;16;22;28m⡸⠀⠀⠀⠀⠀⠀⠀⠀⠀⠀⠀⠀⠀⠀⠀⠀⠀⠀⠀⠀[38;2;190;190;190m⠈⠢⣀⠀⠀⠀⣀⡀⠀[38;2;170;215;255m⡏⠉[38;2;200;180;160m⢀⠼⠀⠀⠀⠀⠀⠀⠀⠀⠀⠀⠀[0m
[38;2;255;255;255m[48;2;16;22;28m⠀⠀⠀⠀⠀⠀⠀⠀⠀⠀⠀⠀⠀⠀⠀⠀[38;2;190;190;190m⣠[38;2;170;215;255m⣤[38;2;190;190;190m⣀⣤⣤⠤⣯[38;2;170;215;255m⡎⠀⠈⠁⠈⠒⠓⠀⢠⠋⡖⠢⡀⠀⠀⠀⠀⠀⠀⠀⠀⠀⠀⠀⠀⠀⠀⠀⠀⠀⠀⠀⠀⠀⠀⠀⠀⠀⠀[38;2;190;190;190m⣯[38;2;170;215;255m⢫[38;2;190;190;190m⠢⣀⣀⣾[38;2;170;215;255m⠁⠀⠉⠙⠛⢆⠀⠀⡠[38;2;255;128;80m[48;2;112;36;28m⡴⣁⠀⠀⠀⠀⠀⠀⠀⠀⠀⠀⠀⠀⠀⠀⠀⠀⠀⠀⠀⠀⠀⠀⠀⠀⢠[48;2;16;22;28m⠃⠀⠀⠀⠀⠀⠀⠀⠀⠀⠀⠀⠀⠀⠀⠀⠀⠀⠀⠀⠀⠀⠀⠀[38;2;190;190;190m⠉[38;2;255;255;255mTornado[38;2;200;180;160m⠁⠀⠀⠀⠀⠀⠀⠀⠀[38;2;190;190;190m⣀⠀⠀⠀[0m
[38;2;255;255;255m[48;2;16;22;28m⠀⠀⠀⠀⠀⠀⠀⠀⠀⠀⠀⠀⠀⠀⠀[38;2;190;190;190m⣾[38;2;170;215;255m⠭⢤⠉⠀⠀⠀⠀⠀⠀⠀⠀⠀⠀⠀⠀⠈⠢⠃⡰⠁⠀⡔⠲⡀⠀⠀⠀⠀[38;2;190;190;190m⣠⠤⣤⠴⠶⠶⢤⠤⣄⣀⣀⣀⠀⠀⡴⠫⠓⡎[38;2;170;215;255m⡱⠀⠉⠑⠒⠜⠀⠀⠀⠀⠀⠀⠓[38;2;255;128;80m⡲[48;2;112;36;28m⠋[38;2;170;215;255m⢸⠀⠀⢠⢄⠀⠀⠀⠀⠀⢠⠒⢤⢄⠀⠀⠀⠀⠀⠀⠀⠀⠀⠀⠀[38;2;255;128;80m⢀[48;2;16;22;28m⠇⠀⠀⠀⠀⠀⠀⠀⠀⠀⠀⠀⠀⠀⠀⠀⠀⠀⠀⠀⠀⠀⠀⠀⠀⠀⠀⠀⠀⠀[38;2;190;190;190m⢸[38;2;200;180;160m⡿[38;2;190;190;190m⠉⠒⠒⠒⠒⠒⠒⠒⠒⠒⠃⠉⢆⡀[0m
[38;2;255;255;255m[48;2;16;22;28m⠀⠀⠀⠀⠀⠀⠀⠀⠀⠀⠀⠀⠀⠀[38;2;190;190;190m⣎[38;2;170;215;255m⠒⠒⠉⠀⠀⠀⠀⠀⠀⠀⠀⠀⠀⠀⠀⠀⠀⠀⠀⠈⠒⠉⠀⠀[38;2;190;190;190m⡝⠙⠛⠛[38;2;170;215;255m⠛⠉⠀⠉⠀⠀⠀⠀⠀⠈⠉⠀⠑[38;2;190;190;190m⠛⠛[38;2;170;215;255m⠃⠀⠀⠈⠁⠀⠀⠀⠀⠀⠀⠀⠀⠀⠀[38;2;255;128;80m⢀[48;2;112;36;28m⠔⠁⠀[38;2;170;215;255m⡜⡠⠒⠼⠀⠑⠚⠉⠙⡄⣙⠆⠀⢱⠀⠀⠀⠀⠀⠀⠀⠀⠀⠀⠀[38;2;255;128;80m[48;2;16;22;28m⡜⠀⠀⠀⠀⠀⠀⠀⠀⠀⠀⠀⠀⠀⠀⠀⠀⠀⠀⠀⠀⠀⠀⠀⠀⠀⠀⠀⠀⠀[38;2;190;190;190m⣤⠓[38;2;200;180;160m⡇⠀⠀⠀⠀⠀⠀⠀⠀⠀⠀⠀⠀⠀[38;2;190;190;190m⠑[0m
[38;2;255;255;255m[48;2;16;22;28m⠀⠀⠀⠀⠀⠀⠀⠀⠀⠀⠀⠀⠀⠀[38;2;190;190;190m⠘⣄[38;2;170;215;255m⡠⣀⠀⠀⠀⡠⠤⡄⠀⠀⠀⠀⠀⠀⠀⠀⠀⠀⠀⠀⠀⠀⠀[38;2;190;190;190m⠑⠤⡀⠀⠀⠀⠀⠀⠀⠀⠀⠀⠀⠀⠀⠀⠀⠀⠀⠀⠀⠀⠀⠀⠀⠀⠀⠀⠀⠀⠀⠀⠀[38;2;255;128;80m[48;2;112;36;28m⡠⠊⠀⠀⠀[38;2;170;215;255m⠈⠁⠀⠀⠀⠀⠀⠀⠀⠉⠀⠀⠀⠑⡄⢀⡠⠴⠒⠤⣀⣀⣀⠀[38;2;255;128;80m⠘[48;2;16;22;28m⢄⠀⠀⠀⠀⠀⠀⠀⠀⠀⠀⠀⠀⠀⠀⠀⠀⠀⠀⠀⠀⠀⠀⠀⠀⠀⠀⠀⠀[38;2;190;190;190m⣼[38;2;170;215;255m⢣[38;2;200;180;160m⠊⠀⠀⠀⠀⠀⠀⠀⠀⠀⠀⠀⠀⠀⠀⠀[0m
[38;2;255;255;255m[48;2;16;22;28m⠀⠀⠀⠀⠀⠀⠀⠀⠀⠀⠀⠀⠀⠀⠀[38;2;190;190;190m⠉⢣⠀[38;2;170;215;255m⡱⠀⡤⡳⠒⠃⠀⠀⠀⠀⠀⠀⠀⠀⠀⠀⠀⠀⠀⠀⠀⠀⠀[38;2;190;190;190m⠈⠒⠒⠤⡀⠀⠀⠀⠀⠀⠀⠀⠀⠀⠀⠀⠀⠀⠀⠀⠀⠀⠀⠀⠀⠀⠀⠀⠀[38;2;255;128;80m⢀[48;2;112;36;28m⠜⠀⠀⠀⠀⠀⠀⠀⠀⠀⠀⠀⠀⠀⠀⠀⠀⠀⠀⠀[38;2;170;215;255m⠘⠜⠀⠀⠀⠀⠀⢰⠉⠀⠀⠀[38;2;255;128;80m⠉⠢[48;2;16;22;28m⡀⠀⠀⠀⠀⠀⠀⠀⠀⠀⠀⠀⠀⠀⠀⠀⠀⠀⠀⠀⠀⠀⠀⠀⠀[38;2;190;190;190m⢸[38;2;200;180;160m⣱⠁⠀⠀⠀⠀⠀⠀⠀⠀⠀⠀⠀⠀⠀⠀⠀⠀[0m
[38;2;255;255;255m[48;2;16;22;28m⠀⠀⠀⠀⠀⠀⠀⠀⠀⠀⠀⠀⠀⠀⠀⠀[38;2;190;190;190m⠈⠒[38;2;170;215;255m⠳⣒⠾[38;2;190;190;190m⠚[38;2;170;215;255m⡝⡄⠀⠀⠀⠀⠀⠀⠀⠀⠀⠀⠀⠀⠀⠀⠀⠀⠀⠀⠀⠀⠀[38;2;190;190;190m⢸⠀⠀⠀⠀⠀⠀⠀⠀⠀⠀⠀⠀⠀⠀⠀⠀⠀⠀⠀⠀⠀⠀⠀[38;2;255;128;80m[48;2;112;36;28m⡠⠃⠀⠀⠀⠀⠀⠀⠀⠀⠀⠀⠀⠀⠀⠀⠀⠀⠀⠀⠀⠀⠀⠀⠀⠀⠀⠀⠀[38;2;170;215;255m⠘⢲⠶⠀⠀⠀⠀[38;2;255;128;80m⠈⠒[48;2;16;22;28m⢄⠀⠀⠀⠀⠀⠀⠀⠀⠀⠀⠀⠀⠀⠀⠀⠀⠀⠀⠀⠀⠀⠀⠀[38;2;190;190;190m⡹[38;2;200;180;160m⡄⠀⠀⣀⡠⠔⠲⢖⠢⡀⠀⠀⠀⠀⠀⠀⠀[0m
[38;2;255;255;255m[48;2;16;22;28m⠀⠀⠀⠀⠀⠀⠀⠀⠀⠀⠀⠀⠀⠀⠀⠀⠀⠀⠀⠀⠀⠀[38;2;190;190;190m⠈⢷⠀⠀[38;2;170;215;255m⢀⡀⠀⠀⠀⠀⠀⠀⠀⠀⠀⠀⠀⠀⠀⠀⠀⠀⠀[38;2;190;190;190m⠘⡄⠀⠀⠀⠀⠀⠀⠀⠀⠀⠀⠀⠀⠀⠀⠀⠀⠀⠀⠀⠀[38;2;255;128;80m⢀[48;2;112;36;28m⠎⠀⠀⠀⠀⠀⠀⠀⠀⠀⠀⠀⠀⠀⠀⠀⠀⠀⠀⠀⠀⠀⠀⠀⠀⠀⠀⠀⠀⠀⠀[38;2;170;215;255m⠈⠉⠣⡄⠀⠀⠀⠀⠀[38;2;255;128;80m⠑[48;2;16;22;28m⠤⡀⠀⠀⠀⠀⠀⠀⠀⠀⠀⠀⠀⠀⠀⠀⠀⠀⠀⠀⠀⠀[38;2;190;190;190m⣿⠀[38;2;200;180;160m⢠[38;2;170;215;255m⡞[38;2;190;190;190m⡡⠔⠊⠉⠑⠛⠺[38;2;200;180;160m⡵⣄⠀⠀⠀⠀⠀[0m
[38;2;255;255;255m[48;2;16;22;28m⠀⠀⠀⠀⠀⠀⠀⠀⠀⠀⠀⠀⠀⠀⠀⠀⠀⠀⠀⠀⠀⠀⠀[38;2;190;190;190m⢸⠀[38;2;170;215;255m⢠⠃⠱⡀⠀⠀⠀⠀⠀⠀⠀⠀⠀⠀⠀⠀⠀⠀⠀⠀⠀[38;2;190;190;190m⠸⡀⠀⠀⠀⠀⠀⠀⠀⠀⠀⠀⠀⠀⠀⠀⠀⠀⠀⠀[38;2;255;128;80m[48;2;112;36;28m⡰⠁⠀⠀⠀⠀⠀⠀⠀⠀⠀⠀⠀⠀⠀⠀⠀⠀⠀⠀⠀⠀⠀⠀⠀⠀⠀⠀⠀⠀⠀⠀⠀⠀⠀[38;2;170;215;255m⢀⠏⠀⠀⠀⠀⠀⠀⠀[38;2;255;128;80m⠈⠢[48;2;16;22;28m⣀⠀⠀⠀⠀⠀⠀⠀⠀⠀⠀⠀⠀⠀⠀⠀⠀⠀⠀[38;2;190;190;190m⢫⣲[38;2;170;215;255m⢟[38;2;190;190;190m⠔⠃⠀⠀⠀⠀⠀⠀⠈⠱[38;2;200;180;160m⡳⣄⠀⠀⠀[0m
[38;2;255;255;255m[48;2;16;22;28m⠀⠀⠀⠀⠀⠀⠀⠀⠀⠀⠀⠀⠀⠀⠀⠀⠀⠀⠀⠀⠀⠀⠀⠀[38;2;190;190;190m⠛⠉⠉⠉⠑⢦[38;2;170;215;255m⢄⠀⠀⠀⠀⠀⠀⠀⠀⠀⠀⠀⠀⠀⠀⠀⠀[38;2;190;190;190m⢣⠀⠀⠀⠀⠀⠀⠀⠀⠀⠀⠀⠀⠀⠀⠀⠀[38;2;255;128;80m⢠[48;2;112;36;28m⠊⠀⠀⠀⠀⠀⠀⠀⠀⠀⠀⠀⠀⠀⠀⠀⠀⠀⠀⠀⠀⠀⠀⠀⠀⠀⠀⠀⠀⠀⠀⠀⠀⠀⠀⠀[38;2;170;215;255m⠈⠻⢄⠀⠀⠀⠀⠀⠀⠀⠀⠀[38;2;255;128;80m⠑⠤⠤⠤⠤⠤⠤⠤[48;2;16;22;28m⢤⠄⠀⠀⠀⠀⠀⠀⠀⠀⠀[38;2;190;190;190m⠈⠁⠀⠀⠀⠀⠀⠀⠀⠀⠀⠀⠹[38;2;170;215;255m⡹[38;2;200;180;160m⡆⠀⠀[0m
[38;2;255;255;255m[48;2;16;22;28m⠀⠀⠀⠀⠀⠀⠀⠀⠀⠀⠀⠀⠀⠀⠀⠀⠀⠀⠀⠀⠀⠀⠀⠀⠀⠀⠀⠀⠀⠀[38;2;190;190;190m⢻[38;2;170;215;255m⣀⣀⠀⠀⠀⠀⠀⠀⠀⠀⠀⠀⠀⠀⠀⠀⠀[38;2;190;190;190m⠑⡄⠀⠀⠀⠀⠀⠀⠀⠀⠀⠀⠀⠀[38;2;255;128;80m⢀[48;2;112;36;28m⠔⠁⠀⠀⠀⠀⠀⠀⠀⠀⠀⠀⠀⠀⠀⠀⠀⠀⠀⠀⠀⠀⠀⠀⠀⠀⠀⠀⠀⠀⠀⠀⠀⠀⠀⠀⠀⠀⠀⠀[38;2;170;215;255m⠈⠦⢄⠀⠀⠀⠀⠀⠀⠀⠀⠀⠀⠀⠀⠀⠀[38;2;255;128;80m[48;2;16;22;28m⡔⠁⠀⠀⠀⠀⠀⠀⠀⠀⠀⠀⠀⠀⠀⠀⠀⠀⠀⠀⠀⠀⠀⠀⠀[38;2;190;190;190m⣧[38;2;200;180;160m⢳⠀⠀[0m
[38;2;255;255;255m[48;2;16;22;28m⠀⠀⠀⠀⠀⠀⠀⠀⠀⠀⠀⠀⠀⠀⠀⠀⠀⠀⠀⠀⠀⠀⠀⠀⠀⠀⠀⠀⠀⠀[38;2;190;190;190m⠈⠉⢉[38;2;170;215;255m⢖⠄⠀⠀⠀⠀⠀⠀⠀⠀⠀⠀⠀⠀[38;2;190;190;190m⢀⠎⠀⠀⠀⠀⠀⠀⠀⠀⠀⠀⠀⠀[38;2;255;128;80m⡠[48;2;112;36;28m⠊⠀⠀⠀⠀⠀⠀⠀⠀⠀⠀⠀⠀⠀⠀⠀⠀⠀[38;2;255;255;255mFlash Flood Warning⠀⠀⠀⠀⠀⠀⠀⠀⠀⠀⠀⠀⠀⠀⠀⠀⠀⠀⠀[38;2;255;128;80m[48;2;16;22;28m⡠⠊⠀⠀⠀⠀⠀⠀⠀⠀⠀⠀⠀⠀⠀⠀⠀⠀⠀⠀⠀⠀⠀⠀⠀⠀⠀[38;2;190;190;190m⢸[38;2;200;180;160m⠈⡆⠀[0m
[38;2;255;255;255m[48;2;16;22;28m⠀⠀⠀⠀⠀⠀⠀⠀⠀⠀⠀⠀⠀⠀⠀⠀⠀⠀⠀⠀⠀⠀⠀⠀⠀⠀⠀⠀⠀⠀⠀[38;2;190;190;190m⠰⢵[38;2;170;215;255m⡁⠀⠀⠀⠀⠀⠀⠀⠀⠀⠀⠀⠀⠀[38;2;190;190;190m⡇⠀⠀⠀⠀⠀⠀⠀⠀⠀⠀⠀[38;2;255;128;80m⢀[48;2;112;36;28m⠔⠁⠀⠀⠀⠀⠀⠀⠀⠀⠀⠀⠀⠀⠀⠀⠀⠀⠀⠀⠀⠀⠀⠀⠀⠀⠀⠀⠀⠀⠀⠀⠀⠀⠀⠀⠀⠀⠀⠀⠀⠀⠀⠀⠀⠀⠀⠀⠀⠀⠀⠀⠀⠀⠀⠀⡠[48;2;16;22;28m⠊⠀⠀⠀⠀⠀⠀⠀⠀⠀⠀⠀⠀⠀⠀⠀⠀⠀⠀⠀⠀⠀⠀⠀⠀⠀⠀⠀[38;2;190;190;190m⠘[38;2;170;215;255m⢵[38;2;200;180;160m⣱⠀[0m
[38;2;255;255;255m[48;2;16;22;28m⠀⠀⠀⠀⠀⠀⠀⠀⠀⠀⠀⠀⠀⠀⠀⠀⠀⠀⠀⠀⠀⠀⠀⠀⠀⠀⠀⠀⠀⠀⠀⠀⠀[38;2;190;190;190m⠙⣄[38;2;170;215;255m⣀⠀⠀⠀⠀⠀⠀⠀⠀⠀[38;2;190;190;190m⢀⡰⠁⠀⠀⠀⠀⠀⠀⠀⠀⠀⠀[38;2;255;128;80m[48;2;112;36;28m⡠⠃⠀⠀⠀⠀⠀⠀⠀⠀⠀⠀⠀⠀⠀⠀⠀⠀⠀⠀⠀⠀⠀⠀⠀⠀⠀⠀⠀⠀⠀⠀⠀⠀⠀⠀⠀⠀⠀⠀⠀⠀⠀⠀⠀⠀⠀⠀⠀⠀⠀⠀⠀⠀⠀⠀⢀[48;2;16;22;28m⠔⠁⠀⠀⠀⠀⠀⠀⠀⠀⠀⠀⠀⠀⠀⠀⠀⠀⠀⠀⠀⠀⠀⠀⠀⠀⠀⠀⠀⠀⠀[38;2;190;190;190m⠈[38;2;170;215;255m⡿[38;2;200;180;160m⣆[0m
[38;2;255;255;255m[48;2;16;22;28m⠀⠀⠀⠀⠀⠀⠀⠀⠀⠀⠀⠀⠀⠀⠀⠀⠀⠀⠀⠀⠀⠀⠀⠀⠀⠀⠀⠀⠀⠀⠀⠀⠀⠀[38;2;190;190;190m⠈⠒[38;2;170;215;255m⢧⣀⠀⠀⠀⠀⠀⠀[38;2;190;190;190m⢰⠁⠀⠀⠀⠀⠀⠀⠀⠀⠀⠀[38;2;255;128;80m⢀[48;2;112;36;28m⠜⠀⠀⠀⠀⠀⠀⠀⠀⠀⠀⠀⠀⠀⠀⠀⠀⠀⠀⠀⠀⠀⠀⠀⠀⠀⠀⠀⠀⠀⠀⠀⠀⠀⠀⠀⠀⠀⠀⠀⠀⠀⠀⠀⠀⠀⠀⠀⠀⠀⠀⠀⠀⠀⠀⢀[48;2;16;22;28m⠔⠁⠀⠀⠀⠀⠀⠀⠀⠀⠀⠀⠀⠀⠀⠀⠀⠀⠀⠀⠀⠀⠀⠀⠀⠀⠀⠀⠀⠀⠀⠀⠀[38;2;190;190;190m⢠⠊[38;2;170;215;255m⣿[0m
[38;2;255;255;255m[48;2;16;22;28m⠀⠀⠀⠀⠀⠀⠀⠀⠀⠀⠀⠀⠀⠀⠀⠀⠀⠀⠀⠀⠀⠀⠀⠀⠀⠀⠀⠀⠀⠀⠀⠀⠀⠀⠀⠀⠀[38;2;190;190;190m⢱[38;2;170;215;255m⢣⠀⠀⠀[38;2;190;190;190m⣀⠔⠊⠀⠀⠀⠀⠀⠀⠀⠀⠀⠀⠀⠀[38;2;255;128;80m⠉⠢[48;2;112;36;28m⢄⡀⠀⠀⠀⠀⠀⠀⠀⠀⠀⠀⠀⠀⠀⠀⠀⠀⠀⠀⠀⠀⠀⠀⠀⠀⠀⠀⠀⠀⠀⠀⠀⠀⠀⠀⠀⠀⠀⠀⠀⠀⠀⠀⠀⠀⠀⠀⠀⠀⠀⠀[48;2;16;22;28m⡰⠁⠀⠀⠀⠀⠀⠀⠀⠀⠀⠀⠀⠀⠀⠀⠀⠀⠀⠀⠀⠀⠀⠀⠀⠀⠀⠀⠀⠀⠀⠀[38;2;190;190;190m⢀⡠⠤⡮⣀[38;2;170;215;255m⡿[0m
[38;2;225;225;225m[48;2;16;22;28m⢤⠀⠀⠀⠀⠀⠀⠀⠀⠀⣀⡀⠀⠀⠀⠀⠀⠀⠀⠀⠀⠀⠀⠀⠀⠀⠀⠀⠀⠀⠀⢀⣀⣀⣀⣀[38;2;190;190;190m⠾[38;2;170;215;255m⣏⢁[38;2;190;190;190m⡠⠔⠉⠀⠀⠀⠀⠀⠀⠀⠀⠀⠀⠀⠀⠀⠀⠀⠀⠀⠀[38;2;255;128;80m⠈⠒[48;2;112;36;28m⢄⡀⠀⠀⠀⠀⠀⠀⠀⠀⠀⠀⠀⠀⠀⠀⠀⠀⠀⠀⠀⠀⠀⠀⠀⠀⠀⠀⠀⠀⠀⠀⠀⠀⠀⠀⠀⠀⠀⠀⠀⠀⠀⠀⠀⠀⠀⡠[48;2;16;22;28m⠊⠀⠀⠀⠀⠀⠀⠀⠀⠀⠀⠀⠀⠀⠀⠀⠀⠀⠀⠀⠀⠀⠀⠀⠀⠀⠀⠀⠀⠀⠀[38;2;190;190;190m⢠⠊⠁⠀⠀⠀⠀[38;2;170;215;255m⠈[0m
[38;2;255;255;255m[48;2;16;22;28m⠀[38;2;225;225;225m⠉⠒⠊⠉⠉⢆⡠⠒⠉⠀⠈⠉⠑⠒⠒⠢⣀⣀⣀⣀⡠⣤[38;2;255;255;255mHamlin[38;2;225;225;225m⣠[38;2;170;215;255m⡪⠕⠒⠉⠙⠊[38;2;225;225;225m⠙[38;2;170;215;255m⢵[38;2;190;190;190m⣓[38;2;225;225;225m⢤⠀⠀⠀⠀⠀⠀⠀⠀⠀⠀⠀⠀⠀⠀⠀⠀⠀⠀⠀⠀⠀⠀⠀[38;2;255;128;80m⠈⠒[48;2;112;36;28m⠤⡀⠀⠀⠀⠀⠀⠀⠀⠀⠀⠀⠀⠀⠀⠀⠀⠀⠀⠀⠀⠀⠀⠀⠀⠀⠀⠀⠀⠀⠀⠀⠀⠀⠀⠀⠀⠀⠀⠀⠀⠀⢠[48;2;16;22;28m⠊⠀⠀⠀⠀⠀⠀⠀⠀⠀⠀⠀⠀⠀⠀⠀⠀⠀⠀⠀⠀⠀⠀⠀⠀⠀⠀⠀⠀⠀⠀⠀[38;2;190;190;190m⢠⠃⠀⠀⠀⠀⠀⠀⠀[0m
[38;2;255;255;255m[48;2;16;22;28m⠀⠀⠀⠀⠀⠀[38;2;225;225;225m⠈⠀⠀⠀⠀⠀⠀⠀⠀⠀⠀⠀⠀[38;2;170;215;255m⡏⠑⠊⠀⠈⠉[38;2;255;255;255m⡗⠧⢔⣁[38;2;170;215;255m⡠⠃⠀⠀⠀⠀⠀⠀⠀⢱[38;2;225;225;225m⣺⠆⠀⠀⠀⠀⠀⠀⠀⠀⠀⠀⠀⠀⠀⠀⠀⠀⠀⠀⠀⠀⠀⠀⠀⠀⠀[38;2;255;128;80m⠈⠑[48;2;112;36;28m⠤⡀⠀⠀⠀⠀⠀⠀⠀⠀⠀⠀⠀⠀⠀⠀⠀⠀⠀⠀⠀⠀⠀⠀⠀⠀⠀⠀⠀⠀⠀⠀⠀⠀⠀⠀⠀⢀[48;2;16;22;28m⠔⠁⠀⠀⠀⠀⠀⠀⠀⠀⠀⠀⠀⠀⠀⠀⠀⠀⠀⠀⠀⠀⠀⠀⠀⠀⠀⠀⠀⠀⠀⠀⠀⠀[38;2;190;190;190m⢸⠀⠀⠀⠀⠀⠀⠀⠀[0m
[38;2;255;255;255m[48;2;16;22;28m⠀⠀⠀⠀⠀⠀⠀⠀⠀⠀⠀⠀⠀⠀⠀⠀⠀⠀⠀[38;2;170;215;255m⢸⠀⠀⠀⠀⠀⠈⠉⠁⠀⠀⠀⠀⠀⠀⠀⠀⠀⠀⠚[38;2;225;225;225m⣇⠀⠀⠀⠀⠀⠀⠀⠀⠀⠀⠀⠀⠀⠀⠀⠀⠀⠀⠀⠀⠀⠀⠀⠀⠀⠀⠀⠀⠀[38;2;255;128;80m⠈⠑[48;2;112;36;28m⠢⣀⠀⠀⠀⠀⠀⠀⠀⠀⠀⠀⠀⠀⠀⠀⠀⠀⠀⠀⠀⠀⠀⠀⠀⠀⠀⠀⠀⠀⠀⠀⢀[48;2;16;22;28m⠔⠁⠀⠀⠀⠀⠀⠀⠀⠀⠀⠀⠀⠀⠀⠀⠀⠀⠀⠀⠀⠀⠀⠀⠀⠀⠀⠀⠀⠀⠀⠀⠀⠀⠀⠀[38;2;190;190;190m⢸⠀⠀⠀⠀⠀⠀⠀[38;2;170;215;255m⣀[0m
[38;2;255;255;255m[48;2;16;22;28m⠀⠀⠀⠀⠀⠀⠀⠀⠀⠀⠀⠀⠀⠀⠀⠀⠀⠀⠀[38;2;170;215;255m⠘⡄⠀⠀⠀⠀⠀⠀⠀⠀⠀⠀⠀⠀⠀⠀⠀⠀⠀⠀⠱[38;2;225;225;225m⡑⡖⠛⠛⠲⠒⢟⡄⠀⠀⠀⠀⠀⠀⠀⠀⠀⠀⠀⠀⠀⠀⠀⠀⠀⠀⠀⠀⠀⠀⠀⠀⠀[38;2;255;128;80m⠑[48;2;112;36;28m⢄⠀⠀⠀⠀⠀⠀⠀⠀⠀⠀⠀⠀⠀⠀⠀⠀⠀⠀⠀⠀⠀⠀⠀⠀⠀⠀⠀[48;2;16;22;28m⡠⠊⠀⠀⠀⠀⠀⠀⠀⠀⠀⠀⠀⠀⠀⠀⠀⠀⠀⠀⠀⠀⠀⠀⠀⠀⠀⠀⠀⠀⠀⠀⠀⠀⠀⠀[38;2;190;190;190m⣀⢔[38;2;225;225;225m⡥⠤⣄⡀⠀⠀⠀[38;2;170;215;255m⠘⢄[0m
[38;2;255;255;255m[48;2;16;22;28m⠀⠀⠀⠀⠀⠀⠀⠀⠀⠀⠀⠀⠀⠀⠀⠀⠀⠀[38;2;170;215;255m⢀⡔⠁⠀⠀⠀⠀⠀⠀⠀⠀⠀⠀⠀⠀⠀⠀⠀⠀⠀⠀⠀⠈⠀⠀⠀⠀⠀⠈[38;2;225;225;225m⠺⡄⠀⠀⠀⠀⠀⠀⠀⠀⠀⠀⠀⠀⠀⠀⠀⠀⠀⠀⠀⠀⠀⠀⠀⠀⠀⠀[38;2;255;128;80m⠑[48;2;112;36;28m⢄⠀⠀⠀⠀⠀⠀⠀⠀⠀⠀⠀⠀⠀⠀⠀⠀⠀⠀⠀⠀⠀⠀⠀⡠[48;2;16;22;28m⠊⠀⠀⠀⠀[38;2;90;140;90m⢠⠤⢶⠂⠀⠀⠀⠀⠀⠀⠀⠀⠀⠀⠀⠀⠀⠀⠀⠀⠀⠀⠀⠀⠀⠀⠀⠀⠀⠀⠀[38;2;225;225;225m⣼⠔⠉⠀⠀⠈⠙⠲⠖⠚⠉⠁[0m
[38;2;255;255;255m[48;2;16;22;28m⠀⠀⠀⠀⠀⠀⠀⠀⠀⠀⠀⠀⠀⠀⠀⠀⠀⠀⠀[38;2;170;215;255m⢣⡀⠀⠀⠀⠀⠀⠀⠀⠀⠀⠀⠀⠀⠀⠀⠀⠀⠀⠀⠀⠀⠀⠀⠀⠀⠀⠀⠀⠙[38;2;225;225;225m⠶[38;2;170;215;255m⢞⠿[38;2;225;225;225m⡆⠀⠀⠀⠀⠀⠀⠀⠀⠀⠀⠀⠀⠀⠀⠀⠀⠀⠀⠀⠀⠀⠀⠀⠀[38;2;255;128;80m⠑[48;2;112;36;28m⢄⠀⠀⠀⠀⠀⠀⠀⠀⠀⠀⠀⠀⠀⠀⠀⠀⠀⠀⠀⢀[48;2;16;22;28m⠜⠀⠀⠀⠀⠀⠀[38;2;90;140;90m⡇⠀⠨⣂⠀⠀⠀⠀⠀⠀⠀⠀⠀⠀⠀⠀⠀⠀⠀⠀⠀⠀⠀⠀⠀⠀[38;2;190;190;190m⢀⠤⠤⠤[38;2;225;225;225m⣼⠇⠀⠀⠀⠀⠀⠀⠀⠀⠀[38;2;170;215;255m⣀⣀[0m
[38;2;255;255;255m[48;2;16;22;28m⠀⠀⠀⠀⠀⠀⠀⠀⠀⠀⠀⠀⠀⠀⠀⠀⠀⠀[38;2;170;215;255m⡠⠒⠃⠀⠀⠀⠀⠀⠀⠀⠀⠀⠀⠀⠀⠀⠀⠀⠀⠀⠀⠀⠀⠀⠀⠀⠀⠀⠀⠀⠀⠀⠀⢻[38;2;225;225;225m⡀⠀⠀⠀⠀⠀⠀⠀⠀⠀⠀⠀⠀⠀⠀⠀⠀⠀⠀⠀⠀⠀⠀⠀⠀⠀⠀[38;2;255;128;80m⠑[48;2;112;36;28m⢄⠀⠀⠀⠀⠀⠀⠀⠀⠀⠀⠀⠀⠀⠀⠀⢀[48;2;16;22;28m⠔⠁⠀⠀⠀⠀⠀⠀[38;2;90;140;90m⣴⠁⠀⠀⢠⠋⠀⠀⠀⠀⠀⠀⠀⠀⠀⠀⠀⠀⠀⠀⠀⠀⠀⠀⠀⠀[38;2;190;190;190m⣠⠃⠀⠀[38;2;225;225;225m⢰⡝⠀⠀⠀⠀⠀⠀⠀⠀⠀[38;2;170;215;255m⠰⡁⠀[0m
[38;2;255;255;255m[48;2;16;22;28m⠀⠀⠀⠀⠀⠀⠀⠀⠀⠀⠀⠀⠀⠀⠀⠀⠀[38;2;170;215;255m⢐⠅⠀⠀⠀⠀⠀⠀⠀⠀⠀⠀⠀⠀⠀⠀⠀⠀⠀⠀⠀⠀⠀⠀⠀⠀⠀⠀⠀⠀⠀⠀⠀⠀⠀⡗[38;2;225;225;225m⣄⡴[38;2;170;215;255m⡶[38;2;225;225;225m⣄⠀⠀⠀⠀⠀⠀⠀⠀⠀⠀⠀⠀⠀⠀⠀⠀⠀⠀⠀⠀⠀⠀⠀⠀[38;2;255;128;80m⠑[48;2;112;36;28m⢄⠀⠀⠀⠀⠀⠀⠀⠀⠀⠀⠀⠀[48;2;16;22;28m⡔⠁⠀⠀⠀⠀⠀⠀⠀[38;2;90;140;90m⢠⣊⣀⣀⣀⠇⠀⠀⠀⠀⠀⠀⠀⠀⠀⠀⠀⠀⠀⠀⠀[38;2;190;190;190m⡠⠔⠒⠒⠊⠉⠀⠀⠀⠀[38;2;225;225;225m⢸⡇⠀⠀⠀⠀⠀⠀⠀⠀⠀⠀[38;2;170;215;255m⠈⢆[0m
[38;2;255;255;255m[48;2;16;22;28m⠀⠀⠀⠀⠀⠀⠀⠀⠀⠀⠀⠀⠀⠀⠀⠀⠀⠀[38;2;170;215;255m⡱⠀⠀⠀⠀⠀⠀⠀⠀⠀⠀⠀⠀⠀⠀⠀⠀⠀⠀⠀⠀⠀⠀⠀⠀⠀⠀⠀⠀⠀⠀⠀⠀⠀⠘⠉⠀⠰[38;2;225;225;225m⣏⣀⣀⠀⠀⠀⠀⠀⠀⠀⠀⠀⠀⠀⠀⠀⠀⠀⠀⠀⠀⠀⠀⠀⠀⠀⠀[38;2;255;128;80m⠑[48;2;112;36;28m⢄⠀⠀⠀⠀⠀⠀⠀⠀[48;2;16;22;28m⡠⠊⠀⠀⠀⠀⠀⠀⠀⠀⠀⠀⠀⠀⠀⠀⠀⠀⠀⠀⠀⠀⠀⠀⠀⠀⠀[38;2;190;190;190m⡴⠒⠤⠔⠉⠀⠀⠀⠀⠀⠀⠀⠀⠀⠀[38;2;225;225;225m⢸⠁⠀⠀⠀⠀⠀⠀⠀⠀⠀⠀⠀⠀[0m
[38;2;255;255;255m[48;2;16;22;28m⠀⠀⠀⠀⠀⠀⠀⠀⠀⠀⠀⠀⠀⠀⠀⠀⠀⠀[38;2;170;215;255m⠓⠉⠢⡀⠀⠀⠀⠀⠀⠀⠀⠀⠀⠀⠀⠀⠀⠀⠀⠀⠀⠀⠀⠀⠀⠀⠀⠀⠀⠀⠀⠀⠀⠀⠀⠀⠀⠀⠉⠉⠸[38;2;225;225;225m⡣⢦⢄⠀⠀⠀⠀⠀⠀⠀⠀⠀⠀⠀⠀⠀⠀⠀⠀⠀⠀⠀⠀⠀⠀⠀[38;2;255;128;80m⠑[48;2;112;36;28m⢄⠀⠀⠀⠀⡠[48;2;16;22;28m⠊⠀⠀⠀⠀⠀⠀⠀⠀⠀⠀⠀⠀⠀⠀⠀⠀⠀⠀⠀⠀⠀⠀⠀⠀⠀⠀⠀[38;2;190;190;190m⡇⠀⠀⠀⠀⠀⠀⠀⠀⠀⠀⠀⠀⠀⠀[38;2;225;225;225m⢸⠀⠀⠀⠀⠀⠀⠀[38;2;170;215;255m⣀⣀⠀⢀[38;2;200;180;160m⣠⠞[0m
[38;2;255;255;255m[48;2;16;22;28m⠀⠀⠀⠀⠀⠀⠀⠀⠀⠀⠀⠀⠀⠀⠀⠀[38;2;170;215;255m⢀⠔⠒⠢⣀⣸⠀⠀⠀⠀⠀⠀⠀⠀⠀⠀⠀⠀⠀⠀⠀⠀⠀⠀⠀⠀⠀⠀⠀⠀⠀⠀⠀⠀⠀⠀⠀⠀⠀⠀⠀⠀⠀⠀⠈⠢[38;2;225;225;225m⠓⠦⠴⢦⠀⠀⠀⠀⠀⠀⠀⠀⠀⠀⠀⠀⠀⠀⠀⠀⠀⠀⠀⠀⠀[38;2;255;128;80m⠑[48;2;112;36;28m⢄⢀[48;2;16;22;28m⠔⠁⠀⠀⠀⠀⠀⠀⠀⠀⠀⠀⠀⠀⠀⠀⠀⠀⠀⠀⠀⠀⠀[38;2;190;190;190m⢀⣠⠒⡄⠀⠀⢸⠀⠀⠀⠀⠀⠀⠀⠀⠀⠀⠀⠀⠀⠀⠀[38;2;225;225;225m⡇⠀⠀⠀⠀⠀⠀[38;2;170;215;255m⠚⠤⠒[38;2;200;180;160m⢽⠉⠀⠀[0m
[38;2;255;255;255m[48;2;16;22;28m⠀⠀⠀⠀⠀⠀⠀⠀⠀⠀⠀⠀⠀⠀⠀[38;2;170;215;255m⢔⠊⠀⠀⠀⠀⠀⠀⠀⠀⠀⠀⠀⠀⠀⠀⠀⠀⠀⠀⠀⠀⠀⠀⠀⠀⠀⠀⠀⠀⠀⠀⠀⠀⠀⠀⠀⠀⠀⠀⠀⠀⠀⠀⠀⠀⠀⠀⠀⠀⠈[38;2;225;225;225m⠗⠊⡇⠀⢀⡠⠲⠢⡀⠀⠀⠀⠀⠀⠀⠀⠀⠀⠀⠀⠀⠀⠀[38;2;255;128;80m⠁⠀⠀⠀⠀⠀⠀⠀⠀⠀⠀⠀⠀⠀⠀⠀⠀⠀⠀⠀⠀[38;2;190;190;190m⢀⡠⠊⠁⠀⠀⠈⠑⠊⠉⠀⠀⠀⠀⠀⠀⠀⠀⠀⠀⠀⠀⠀⠀[38;2;225;225;225m⢸⠀⠀⠀⠀⠀⠀⠀⠀⠀⠀[38;2;200;180;160m⠸[38;2;170;215;255m⣣⠀⠀[0m
[38;2;200;200;200m[48;2;16;22;28m├──────────────────────┤ 5 km⠀⠀⠀⠀⠀⠀⠀⠀⠀⠀⠀⠀⠀⠀⠀⠀⠀⠀⠀⠀⠀⠀⠀⠀⠀⠀⠀⠀⠀⠀⠀⠀⠀⠀⠀⠀⠀⠀⠀[38;2;170;215;255m⠛[38;2;225;225;225m⠛⠉⠀⠀⠀⠈⠉⠱⡀⠀⢀⠤⣀⡀⠀⠀⠀⠀⠀⠀⠀⠀⠀⠀⠀⠀⠀⠀[38;2;160;160;160mOpenFreeMap (c) OpenMapTiles Data from OpenStreetMap[0m
center: 38.305, -81.986   zoom: 10
