Specimen 29 tint-blend-alpha-0.50 · truecolor · 69x12 · Hamlin WV · Flash Flood Warning (Severe) Lincoln, WV; Putnam, WV, go-tuimaps public calls · radar IEM n0q 2026-09-23 14:28Z · centre 38.305,-81.986 z8.09 · status complete
[38;2;255;255;255m[48;2;34;119;136m⠀⠀⠀[48;2;0;51;102m⠀⠀⠀⠀⠀⠀⠀[48;2;16;22;28m⠀⠀⠀⠀⠀⠀⠀[48;2;34;119;136m⠀⠀[48;2;119;170;85m⠀⠀⠀⠀⠀⠀[48;2;34;119;136m⠀[48;2;16;22;28m⠀⠀⠀⠀⠀⠀⠀⠀⠀⠀⠀⠀⠀⠀⠀⠀⠀⠀[48;2;0;51;102m⠀⠀[48;2;16;22;28m⠀[38;2;200;180;160m[48;2;0;51;102m⠘[38;2;120;160;200m⢗⡤⣤⣀[48;2;34;119;136m⠀[48;2;119;170;85m⠀⠀⠀⠀[48;2;34;119;136m⠀[48;2;119;170;85m⠀⠀⠀⠀⠀⠀⠀⠀⠀[48;2;34;119;136m⠀⠀[0m
[38;2;255;255;255m[48;2;34;119;136m⠀⠀⠀[48;2;0;51;102m⠀⠀⠀[48;2;16;22;28m⠀[48;2;0;51;102m⠀⠀⠀⠀[48;2;16;22;28m⠀[48;2;0;51;102m⠀[48;2;16;22;28m⠀⠀⠀[48;2;0;51;102m⠀[48;2;34;119;136m⠀[48;2;119;170;85m⠀[48;2;221;170;34m⠀⠀[48;2;119;170;85m⠀⠀[48;2;34;119;136m⠀[48;2;0;51;102m⠀⠀[48;2;16;22;28m⠀⠀⠀⠀⠀⠀⠀⠀⠀⠀⠀⠀⠀⠀[48;2;0;51;102m⠀⠀⠀[48;2;16;22;28mSaint Albans[48;2;34;119;136m⣄⡀⠀⠀⠀⠀[38;2;120;160;200m[48;2;0;51;102m⣀[38;2;255;255;255m[48;2;34;119;136m⣤⣀[38;2;120;160;200m[48;2;0;51;102m⣀⠀[48;2;16;22;28m⠀⠀⠀[0m
[38;2;255;255;255m[48;2;34;119;136m⠀⠀[48;2;0;51;102m⠀⠀⠀⠀⠀⠀[48;2;16;22;28m⠀⠀⠀[48;2;0;51;102m⠀⠀⠀⠀[48;2;16;22;28m⠀[48;2;34;119;136m⠀⠀⠀[48;2;119;170;85m⠀⠀⠀[48;2;0;51;102m⠀[48;2;16;22;28m⠀⠀⠀⠀⠀⠀⠀⠀⠀⠀⠀⠀⠀[38;2;255;128;80m⢀[48;2;112;36;28m⠏[48;2;80;44;76m⠒[38;2;255;255;255m[48;2;84;89;101m⠤[48;2;34;119;136m⣀[48;2;0;51;102m⠀⠀[48;2;34;119;136m⠀⠀⠀⠀⠀⠀⠀⠀⠀⠀⠀⠀⠈⠳⣄⣀⡤⣾[38;2;200;180;160m[48;2;0;51;102m⡡⠔⠒⠻[38;2;120;160;200m⠶[38;2;200;180;160m⣄[38;2;170;215;255m[48;2;16;22;28m⡠⣤[0m
[38;2;255;255;255m[48;2;34;119;136m⠀⠀[48;2;0;51;102m⠀⠀⠀⠀[48;2;34;119;136m⠀⠀⠀[48;2;0;51;102m⠀⠀⠀⠀⠀[48;2;16;22;28m⠀⠀[48;2;34;119;136m⠀⠀⠀[48;2;0;51;102m⠀⠀⠀[48;2;16;22;28m⠀⠀⠀⠀⠀⠀⠀⠀⠀⠀⠀⠀⠀[38;2;255;128;80m[48;2;112;36;28m⡠[48;2;80;44;76m⠃⠀[48;2;84;89;101m⠀⠀⠀[38;2;255;255;255m[48;2;34;119;136m⡝⠀⠀⠀⠀⠀⠀[48;2;119;170;85m⠀⠀[48;2;34;119;136m⠀⠀⠀⠀⠀⠀[48;2;0;51;102m⠀[38;2;200;180;160m⠈[38;2;255;255;255m[48;2;34;119;136m⠉[38;2;200;180;160m[48;2;0;51;102m⠉⠀[48;2;16;22;28m⠀⠀⠀[48;2;0;51;102m⠀⠀[48;2;34;119;136m⠀[38;2;255;255;255m⠉[38;2;200;180;160m[48;2;16;22;28m⢦[0m
[38;2;255;255;255m[48;2;34;119;136m⣀⡀⠀⠀[48;2;0;51;102m⠀[48;2;34;119;136m⠀⠀[48;2;119;170;85m⠀⠀⠀⠀[48;2;0;51;102m⠀⠀[48;2;16;22;28m⠀[48;2;0;51;102m⠀⠀⠀⠀⠀⠀[48;2;34;119;136m⠀⠀⠀[48;2;0;51;102m⠀⠀[48;2;16;22;28m⠀⠀[48;2;0;51;102m⠀[48;2;16;22;28m⠀⠀⠀[48;2;0;51;102m⠀⠀[38;2;255;128;80m⢠[48;2;80;44;76m⠊[48;2;84;89;101m⠀⠀⠀⠀⠀[38;2;255;255;255m⠘[48;2;34;119;136m⢄⠀⠀⠀⠀⠀⠀⠀[48;2;119;170;85m⠀⠀[48;2;34;119;136m⠀⠀⠀⠀⠀[48;2;0;51;102m⠀⠀⠀[48;2;16;22;28m⠀⠀[48;2;0;51;102m⠀[48;2;34;119;136m⠀[48;2;119;170;85m⠀[48;2;34;119;136m⠀⠀⠀⠀[48;2;0;51;102m⠀[0m
[38;2;0;0;0m[48;2;119;170;85m⢁[38;2;255;255;255m[48;2;34;119;136m⣧⡤⡀⠀⠀⠀[48;2;119;170;85m⠀⠀[48;2;34;119;136m⠀[48;2;119;170;85m⠀[48;2;0;51;102m⠀⠀[48;2;16;22;28m⠀[48;2;0;51;102m⠀⠀⠀⠀[48;2;34;119;136m⠀⠀[48;2;119;170;85m⠀⠀⠀[48;2;34;119;136m⠀⠀⠀⠀⠀⠀⠀⠀⢀[48;2;84;89;101m⠔⠁[48;2;116;126;64m⠀⠀⠀⠀⠀⠀⠀[48;2;84;89;101m⠀[38;2;0;0;0m[48;2;116;126;64m⠉⠢⠤[48;2;119;170;85m⡤⠀⠀⠀[48;2;34;119;136m⠀⠀[48;2;119;170;85m⠀⠀[48;2;34;119;136m⠀⠀⠀⠀⠀[48;2;16;22;28m⠀⠀⠀⠀[48;2;0;51;102m⠀[48;2;34;119;136m⠀⠀⠀[48;2;0;51;102m⠀⠀[48;2;16;22;28m⠀[0m
[38;2;0;0;0m[48;2;221;170;34m⡏[48;2;119;170;85m⠳⡧⠼⠀⠀⠀⠀⠀[48;2;34;119;136m⠀⠀[48;2;0;51;102m⠀⠀[48;2;16;22;28m⠀[48;2;0;51;102m⠀⠀⠀⠀[48;2;34;119;136m⠀[48;2;221;170;34m⠀⠀[48;2;119;170;85m⠀⢀[38;2;255;255;255m[48;2;34;119;136m⣀⠀[48;2;119;170;85m⠀⠀⠀[38;2;255;128;80m[48;2;16;22;28mFl[38;2;255;255;255m[48;2;112;36;28mash Flood Warn[38;2;255;128;80m[48;2;16;22;28ming[48;2;221;170;34m⠀⠀[48;2;119;170;85m⠀⠀⠀⠀⠀⠀⠀[48;2;34;119;136m⠀⠀⠀[48;2;16;22;28m⠀⠀⠀[38;2;90;140;90m[48;2;0;51;102m⣀[38;2;255;255;255m[48;2;34;119;136m⡀⠀⠀[48;2;0;51;102m⠀⠀[48;2;16;22;28m⠀[0m
[38;2;0;0;0m[48;2;221;170;34m⠓[48;2;119;170;85m⠒⠁⠀⠀⠀⠀[48;2;34;119;136m⠀⠀⠀[48;2;0;51;102m⠀⠀⠀[48;2;16;22;28m⠀⠀⠀⠀⠀⠀[48;2;221;170;34m⠀⠀[48;2;119;170;85m⢰⠁[48;2;221;170;34m⠀⢱⠀⠀[48;2;34;119;136m⠀⠀[48;2;119;170;85m⠀⠈⠑[48;2;116;126;64m⠢⣀[48;2;178;126;31m⠀⠀⠀⠀⠀[48;2;201;164;88m⠀⠀[48;2;116;126;64m⢀[48;2;119;170;85m⠔[48;2;221;170;34m⠁⠀⠀[48;2;119;170;85m⠀[48;2;221;170;34m⠀⠀[48;2;119;170;85m⠀⠀⠀⠀⠀⠀⠀⠀⠀[48;2;34;119;136m⠀[38;2;90;140;90m[48;2;0;51;102m⢯⠋⠉⠀⣿[38;2;255;255;255m[48;2;34;119;136m⠴[38;2;0;0;0m[48;2;119;170;85m⠒⠓[38;2;90;140;90m[48;2;0;51;102m⠲⡀[0m
[38;2;0;0;0m[48;2;221;170;34m⠀[48;2;119;170;85m⠀⠀⠀⠀⠀[48;2;34;119;136m⠀[48;2;0;51;102m⠀[48;2;16;22;28m⠀⠀⠀⠀⠀⠀⠀⠀⠀⠀⠀⠀[48;2;0;51;102m⠀[48;2;16;22;28m⠀[38;2;255;255;255m[48;2;34;119;136m⠑[38;2;0;0;0m[48;2;221;170;34m⠒⠁⠀⠀[48;2;34;119;136m⠀⠀⠀[48;2;221;170;34m⠀⠀⠀⠀⠑[48;2;201;164;88m⢄⠀⠀⠀⠀⡠[48;2;119;170;85m⢪⡶[38;2;255;255;255m[48;2;34;119;136m⡀⠀⠀[48;2;119;170;85m⠀⠀[48;2;34;119;136m⠀[48;2;119;170;85m⠀⠀⠀⠀⠀⠀⠀⠀⠀[48;2;34;119;136m⠀⠈[38;2;90;140;90m[48;2;0;51;102m⠉⠓⢦⠀[48;2;34;119;136m⠀[48;2;0;51;102m⠀⠀⠘⡄[0m
[38;2;0;0;0m[48;2;221;170;34m⠀[48;2;119;170;85m⠀[48;2;34;119;136m⠀⠀⠀⠀[48;2;0;51;102m⠀[48;2;16;22;28m⠀⠀⠀⠀⠀⠀⠀⠀⠀⠀⠀⠀⠀⠀⠀⠀[48;2;34;119;136m⠀⠀⠀[48;2;0;51;102m⠀⠀[48;2;34;119;136m⠀[48;2;119;170;85m⠀[48;2;221;170;34m⠀[48;2;255;221;119m⠀⠀⠀⠀⠀⠑[48;2;178;126;31m⢄[48;2;116;126;64m⢀[48;2;119;170;85m⠎⠀[38;2;255;255;255m[48;2;34;119;136m⠘⠊⠀[48;2;0;51;102m⠀⠀⠀[48;2;34;119;136m⠀⠀[48;2;119;170;85m⠀⠀⠀⠀⠀⠀[48;2;34;119;136m⠀[48;2;119;170;85m⠀[48;2;34;119;136m⠀⠀⠀⠀[48;2;0;51;102m⠀[48;2;16;22;28m⠀[38;2;90;140;90m⠧⡀⠀[48;2;0;51;102m⠀⠀[48;2;16;22;28m⠈[0m
[38;2;0;0;0m[48;2;221;170;34m⠀[48;2;34;119;136m⠀⠀[48;2;0;51;102m⠀[48;2;16;22;28m⠀⠀⠀⠀⠀⠀⠀⠀⠀⠀⠀⠀⠀⠀⠀⠀⠀⠀⠀⠀⠀⠀⠀[48;2;0;51;102m⠀[48;2;119;170;85m⠀⠀[48;2;221;170;34m⠀[48;2;255;221;119m⠀⠀[48;2;221;170;34m⠀⠀⠀⠀⠀⠁[48;2;119;170;85m⠀[48;2;221;170;34m⠀⠀[48;2;119;170;85m⠀[48;2;34;119;136m⠀⠀[48;2;0;51;102m⠀⠀[48;2;119;170;85m⠀⠀⠀[48;2;34;119;136m⠀[48;2;119;170;85m⠀⠀⠀[48;2;34;119;136m⠀⠀⠀⠀[48;2;0;51;102m⠀⠀[48;2;16;22;28m⠀⠀⠀⠀[38;2;90;140;90m⠑⡆⠀⢠⠼[0m
[38;2;200;200;200m[48;2;16;22;28m├─────────┤ 10 km[38;2;160;160;160mOpenFreeMap (c) OpenMapTiles Data from OpenStreetMap[0m
center: 38.305, -81.986   zoom: 8
