OW-11 blend · truecolor · 149x38 · 2011-04-27 21:00Z, west-central Alabama: 20 warnings in view (tornado and flash flood) over IEM n0q archive radar · Tuscaloosa marked · centre 33.55,-87.60 z6.71 · status complete
[38;2;225;225;225m[48;2;16;22;28m⣀⣀⡀⣸⡀[38;2;90;140;90m⢀⣠⢚⠉⠀⣸⠷⢦⠀⠀⠀⠀⠀⠀⠀⠀⠀⠀⠀⠀[38;2;225;225;225m⠈⠢⣀⡀⠀⠀⠀⠀⢱[38;2;90;140;90m⣠[48;2;0;51;102m⠏⠀[48;2;34;119;136m⠀[48;2;221;170;34m⠀⠀[48;2;119;170;85m⠀⠀[48;2;34;119;136m⠀[38;2;170;215;255m⢼⠀⠀⠀[48;2;119;170;85m⠀⠀[38;2;0;0;0m⣠[48;2;221;170;34m⠋⠀⠀[48;2;255;221;119m⣇⠀⠀[48;2;221;170;34m⠀⠀⠀⠀⠀[48;2;255;221;119m⠀[48;2;221;170;34m⠀⠀[48;2;255;221;119m⠀⠀[48;2;235;201;118m⡰[48;2;235;231;220m⠁⢸⠑⠀⠀⠀⠀⠀[48;2;235;201;118m⠀⠿⣍⠪⢻[48;2;205;154;60m⠻[48;2;221;170;34m⡳[48;2;119;170;85m⡏⠀[48;2;221;170;34m⠈⠉⠛⠛⢲[48;2;119;170;85m⡴⢶⣾[48;2;118;154;77m⣾⢄⡀[48;2;60;108;123m⠀⠀⠀⠀⠀[38;2;225;225;225m⢸[48;2;205;154;33m⠀[48;2;235;201;108m⠀⠀[48;2;205;154;33m⠀⠀[48;2;118;154;77m⠀[38;2;0;0;0m⢠[48;2;205;154;60m⠊⠀[48;2;59;108;132m⠀⠀[38;2;255;255;255m⡏[38;2;0;0;0m[48;2;117;154;91m⠉⠸[38;2;255;255;255m[48;2;59;108;132m⡈⠑[48;2;34;119;136m⠤⣀⠀[38;2;120;160;200m[48;2;0;51;102m⢀⣧⢻[38;2;225;225;225m⣿[38;2;120;160;200m⡶⢿[38;2;90;140;90m⣵[48;2;16;22;28m⡋⠀⠀⠀⠀⠀⠀⠀⠀⠀⠀⠀⠀[38;2;225;225;225m⢀⠜⠀⠀⠀[38;2;90;140;90m⢤⣠⣼⠖[0m
[38;2;255;255;255m[48;2;16;22;28m⠀⠀[38;2;225;225;225m⠉⡏⠈⠙⠻[38;2;90;140;90m⠽[38;2;225;225;225m⢶[38;2;90;140;90m⣒⣛⠒⠚⠁⠀⠀⠀⠀⠀⠀⠀⠀⠀⠀⠀⠀[38;2;0;0;0m[48;2;221;170;34m⣀[48;2;255;221;119m⡰[48;2;221;170;34m⠑⢄[48;2;119;170;85m⡀⠀[48;2;221;170;34m⢠[38;2;225;225;225m[48;2;16;22;28m⢾[38;2;90;140;90m⠁[48;2;34;119;136m⠀⠀⠀⠀⠀⠀⠀⠀[38;2;0;0;0m[48;2;221;170;34m⣸⠀⠀⠀⢰⠉⠀⣀[48;2;235;201;118m⠔⢊⣿[48;2;235;201;108m⠤⠤⠤⠤⠤⠤⠤⠤[48;2;205;154;33m⢤⣤[48;2;235;201;108m⣤⣮[48;2;235;201;118m⣀[48;2;235;231;220m⣀⣇⣀⣀⣀⣀⣀⣀[48;2;235;201;118m⣀⣠⣿⣝[48;2;255;221;119m⠟[48;2;221;170;34m⠊⠀[48;2;119;170;85m⣳⢤⠀⠀⠀⠀⠚⠀[38;2;255;255;255m[48;2;34;119;136m⢀⡽⢿[48;2;60;108;123m⣀⣈⣲⣤⣀⣀⣀⣸⣀[38;2;0;0;0m[48;2;118;154;77m⡀⠀[48;2;60;108;123m⠀[48;2;118;154;77m⠀[48;2;117;154;91m⡰[38;2;255;255;255m[48;2;59;108;132m⠁[48;2;117;154;91m⠀[48;2;59;108;132m⠀⠀[38;2;0;0;0m[48;2;117;154;91m⢰[38;2;255;255;255m[48;2;59;108;132m⠁⠀⠀[38;2;225;225;225m⡇⠀[38;2;255;255;255m⢀[38;2;255;110;200m[48;2;0;51;102m⠔⠡[38;2;120;160;200m⣼⡗[38;2;225;225;225m⢿[38;2;120;160;200m⠟⠋⠀[38;2;90;140;90m⠈[48;2;16;22;28m⠃⠀⠀⠀⠀⠀⠀⠀⠀⠀⠀⠀[38;2;225;225;225m⢀⠎⠀⠀⠀⠀[38;2;90;140;90m⠘⣿⠀⠀[0m
[38;2;255;255;255m[48;2;16;22;28m⠀⠀[38;2;225;225;225m⢠⠃⠀⠀⠀⠀⠀⠀⠀⠉⠉⠑⠒⠒⠤⠤⠤⠤⠤⠤⠤[38;2;0;0;0m[48;2;119;170;85m⠪[48;2;221;170;34m⣉[48;2;255;221;119m⠉⠀⠀[48;2;221;170;34m⠀⠀⠙⢫⢞[48;2;119;170;85m⣞⠤⣀⣀⣀⣀⣀⣀[48;2;221;170;34m⣀⠠⡇⠀⠀[48;2;255;221;119m⠀⣸[48;2;205;154;60m⠔[48;2;235;201;118m⠊[48;2;235;231;220m⠀⠀[48;2;235;201;118m⢸[48;2;235;232;216m⣼⠀⠀[48;2;235;201;108m⠀⠀[48;2;235;232;216m⠀[48;2;235;201;108m⠀⠀⢀⠎⠀⣀⡤[48;2;235;232;216m⠖⠋⠉⠉⠉⠉⠉[48;2;235;201;108m⡏[48;2;235;232;216m⠑[48;2;235;201;108m⠒⠒⣿⣹[48;2;221;170;34m⠢⠤[48;2;119;170;85m⠤⠕⠁⠀[48;2;34;119;136m⠀⠀⠀⠀⠀[38;2;255;255;255m⡞⠃⠀⠀⠀⠀[38;2;225;225;225m⢸⡀⠀⠀⢣⠀[38;2;255;255;255m⠈⠉⢉[48;2;59;108;132m⠝⠉⠉[38;2;0;0;0m[48;2;117;154;91m⠉⠉⠉[48;2;205;154;60m⠉⠀⠀[48;2;117;154;91m⠀⢹[38;2;255;255;255m[48;2;34;119;136m⡠[38;2;255;110;200m[48;2;0;51;102m⠃⠀[38;2;120;160;200m⠒⠁⠀⠀[38;2;225;225;225m[48;2;16;22;28m⠉⠓⠦⣄⠀⠀⠀⠀⠀⠀⠀⠀⠀⠀⠀⢠⠃⠀⠀⠀⠀⠀[38;2;90;140;90m⠾⠅[38;2;120;160;200m⣀⡀[0m
[38;2;225;225;225m[48;2;16;22;28m⡤⠒⠉⠀⠀⠀⠀⠀⠀⠀⠀⠀⠀⠀⠀⠀⠀⠀⠀⠀⠀⠀[48;2;34;119;136m⠀[48;2;221;170;34m⠀⠀[38;2;0;0;0m⠳⡀⠀⠀⠀[38;2;255;255;255m[48;2;16;22;28mTupelo[48;2;119;170;85m⠀⠀⠀⠀[48;2;221;170;34m⠀⠀[38;2;0;0;0m⠫[48;2;255;221;119m⣧⡤[48;2;235;201;118m⠖[48;2;235;231;220m⠫⠧[48;2;235;201;118m⣀⣀[48;2;235;231;220m⠀⠀⣼[48;2;235;232;216m⡟⠀⠀⠀[48;2;235;201;108m⠀[48;2;235;232;216m⠀[38;2;255;255;255m[48;2;112;36;28mTornado Warning[48;2;235;201;108m⠀⠀[48;2;205;154;33m⠀⠀[38;2;0;0;0m[48;2;235;201;108m⢹[48;2;221;170;34m⠹⠧[48;2;119;170;85m⣄⡀[48;2;34;119;136m⠀[38;2;255;255;255m⠺⣿⣿⡄⠀⣷⠁⠀⠀⠀⠀⠀⠀[38;2;225;225;225m⠙⠢⣀⡘⡆⠀[38;2;255;255;255m[48;2;109;31;112mTornado Warn[38;2;255;110;200m[48;2;16;22;28ming[48;2;34;119;136m⠀⠀[48;2;0;51;102m⠀⠀[48;2;16;22;28m⠀⠀⠀⠀[38;2;225;225;225m⠈⠲⡀⠀⠀⠀⠀⠀⠀⠀⠀⡴⠁⠀⠀⠀⠀⠀⠀[38;2;120;160;200m⢠[48;2;24;44;72m⠾[48;2;16;22;28m⣭⣦[0m
[38;2;255;255;255m[48;2;16;22;28m⠀⠀⠀⠀⠀⠀⠀⠀⠀⠀⠀⠀⠀⠀⠀⠀⠀⠀⠀⠀⠀⠀[48;2;34;119;136m⠀[48;2;221;170;34m⠀[48;2;119;170;85m⠀[48;2;34;119;136m⠀[38;2;0;0;0m[48;2;119;170;85m⠈⠉⠉[48;2;221;170;34m⢉⠏⠒⠒⡇⠀⠀⠀[48;2;119;170;85m⠀[48;2;221;170;34m⠀[48;2;119;170;85m⠀⢀[48;2;205;154;60m⡠[48;2;235;201;118m⠒[48;2;235;231;220m⠉⢳⡄⠀⠀⠀⠈⠉⠉⣿[48;2;235;232;216m⡗⠤⢄⣀[48;2;235;201;108m⠤⠒⠉⠘⢄⠜⠀⠀⠀⠀⠀⢀⣀⡠⠤⠔⠃[48;2;205;154;33m⠀⠀⠀[48;2;118;154;77m⠀⢸[48;2;119;170;85m⠀⠀⠀⠹[38;2;255;255;255m[48;2;34;119;136m⢿⣀⢿⢻⢵⠞⠀⠀⠀⠀⠀⠀⠀⠀⠀⠀⠀[38;2;225;225;225m⠈⡗[38;2;255;255;255m[48;2;59;108;132m⡖[38;2;255;110;200m[48;2;49;48;104m⠣[38;2;225;225;225m[48;2;59;108;132m⢤[38;2;0;0;0m[48;2;235;201;118m⣀⡀⠀⠀⠀⠀[48;2;205;154;60m⠀⢀[48;2;221;170;34m⠎⠀[48;2;119;170;85m⡸[48;2;34;119;136m⠀⠀⠀⠀⠀[48;2;0;51;102m⠀[48;2;16;22;28m⠀⠀⠀⠀⠀⠀[38;2;225;225;225m⢧⠀⠀⠀⠀⠀⠀⢀⠜⠁⠀⠀⠀⠀⠀[38;2;120;160;200m⣤⣴[48;2;24;44;72m⣾⣥⢼⣿[0m
[38;2;255;255;255m[48;2;16;22;28m⠀⠀⠀⠀⠀⠀⠀⠀⠀⠀⠀⠀⠀⠀⠀⠀⠀⠀⠀⠀⠀⠀⠀[48;2;0;51;102m⠀⠀[48;2;34;119;136m⠀[48;2;119;170;85m⠀[48;2;255;221;119m⠀[38;2;0;0;0m⡠[48;2;221;170;34m⡞⠀⠀⠀⡇⠀⠀[48;2;119;170;85m⠀[48;2;221;170;34m⢀[48;2;205;154;60m⠤[48;2;117;154;91m⠊⠁[48;2;205;154;60m⠀[48;2;235;201;118m⠀[48;2;235;231;220m⠀⢠⠃⠀⠀⠀⠀⠀⠀[48;2;235;201;118m⣿[48;2;235;201;108m⠧[48;2;235;232;216m⠒⠉[48;2;235;201;108m⠈⣇⠀⢀⠔⠁⠑⠤[48;2;205;154;33m⠔⠒⠊⠉⠁[48;2;118;154;77m⠀⠀[48;2;205;154;33m⠀⠀⠀⠀⠀[48;2;118;154;77m⠀⠀⢸[48;2;119;170;85m⠀⠀[48;2;34;119;136m⠀⠀⠀[38;2;255;255;255m⠑⠃[48;2;0;51;102m⠀[48;2;34;119;136m⠀⠀[48;2;0;51;102m⠀⠀⠀⠀⠀⠀[48;2;34;119;136m⠀⠀[48;2;0;51;102m⠀⠀[48;2;34;119;136m⠀[48;2;0;51;102m⠀[38;2;255;110;200m⢫⠢[48;2;49;48;104m⢄[48;2;205;154;60m⠀[48;2;235;201;118m⠀[38;2;0;0;0m⠈⠉⠉⠉⢉[48;2;221;170;34m⠝⠉⠉[48;2;119;170;85m⠑⠓[38;2;225;225;225m[48;2;34;119;136m⠒⣄⡀[48;2;0;51;102m⠀⠀[48;2;16;22;28m⠀⠀⠀⠀⠀⠀⠀⠈⡆⠀⠀⠀⠀⡠⠃⠀⠀⠀⢀⠤[38;2;120;160;200m[48;2;24;44;72m⣖[48;2;16;22;28m⡻[38;2;225;225;225m⠛[38;2;170;215;255m⢝⣒[38;2;225;225;225m⠊⠁[38;2;120;160;200m⠽[0m
[38;2;255;255;255m[48;2;16;22;28m⠀⠀⠀⠀⠀⠀⠀⠀⠀⠀⠀⠀⠀⠀⠀⠀⠀⠀⠀⠀⠀⠀⠀[48;2;0;51;102m⠀⠀⠀[48;2;119;170;85m⠀[38;2;0;0;0m[48;2;221;170;34m⣰⠉[48;2;119;170;85m⠀[48;2;34;119;136m⠀[48;2;0;51;102m⠀[48;2;119;170;85m⠀[48;2;221;170;34m⡗⠤⣀[48;2;119;170;85m⠀⠀[38;2;255;255;255m[48;2;34;119;136m⠑[48;2;59;108;132m⠤[38;2;0;0;0m[48;2;117;154;91m⡀[48;2;235;201;118m⠀⠀⢠⠞[48;2;205;154;60m⠀[48;2;235;201;118m⠀⠀[48;2;205;154;60m⠀[48;2;235;201;118m⠀⠀⢠[48;2;235;201;108m⣿⠀⠀⠀⠀⠉[48;2;205;154;33m⠳⣼⡀⢀⣀⡀[48;2;118;154;77m⠀[48;2;60;108;123m⠀⠀[48;2;118;154;77m⠀⠀⠀[48;2;60;108;123m⠀[48;2;118;154;77m⠀[48;2;205;154;33m⠀⠀[48;2;118;154;77m⠀⠀⠀⠀⢸[48;2;119;170;85m⠀[48;2;34;119;136m⠀[38;2;255;255;255m⢠⡜⢺⣿⣦[38;2;120;160;200m[48;2;0;51;102m⣄⣠⡆⢀⣀⢀⡀⠀⠀⠀⠀⠀⣀⠀⠀[38;2;225;225;225m⢸⠀⠀[38;2;0;0;0m[48;2;119;170;85m⠑[48;2;235;201;118m⠢⡀[48;2;205;154;60m⠀⣀[48;2;119;170;85m⡠⠊⠀⠀[48;2;34;119;136m⠀⠀[48;2;0;51;102m⠀⠀⠀[38;2;225;225;225m⠈⠑⢄[48;2;16;22;28m⠀⠀⠀⠀⠀⠀⠀⠀⢹⠀⠀⠀⢀⠜⠀⠀⠀⡠[38;2;170;215;255m⡗⠔⢹⠐⢖⠉⠁⠀⠀⠀[0m
[38;2;255;255;255m[48;2;16;22;28m⠀⠀⠀⠀⠀⠀⠀⠀⠀⠀⠀⠀⠀⠀⠀⠀⠀⠀⠀⠀⠀⠀[48;2;0;51;102m⠀[38;2;90;140;90m⣀⣀⡀⢀⡇⠀⠀[48;2;34;119;136m⠀⠀[48;2;119;170;85m⠀[38;2;0;0;0m⡏⠀⠀[38;2;225;225;225m[48;2;34;119;136m⡇[48;2;0;51;102m⠀[48;2;34;119;136m⠀⠀[38;2;255;110;200m[48;2;0;51;102m⠈[38;2;0;0;0m[48;2;117;154;91m⣢[38;2;255;255;255m[48;2;59;108;132m⠤⠯⢄⣀⣀⡠[48;2;34;119;136m⠤[38;2;0;0;0m[48;2;119;170;85m⠒⠊[48;2;221;170;34m⢹[48;2;205;154;33m⠤⠤⠤⠤⠤⠤[48;2;118;154;77m⠤⢽⢟⠯[38;2;255;255;255m[48;2;60;108;123m⣴⡃⠀⠀⠀[48;2;205;154;33m⠀⠀⠀⠀[48;2;235;201;108m⠀⠀[48;2;205;154;33m⠀[48;2;118;154;77m⠀[48;2;60;108;123m⠀[48;2;118;154;77m⠀⠀[38;2;0;0;0m⢸[48;2;119;170;85m⠀[48;2;34;119;136m⠀[38;2;255;255;255m⠙⠋⠿[38;2;90;140;90m[48;2;16;22;28m⠿[48;2;0;51;102m⠟[38;2;120;160;200m⢹⣿⠁[48;2;16;22;28m⠀[48;2;0;51;102m⠻⣿[48;2;16;22;28m⠷⠀⢰[48;2;0;51;102m⣼⣶[48;2;24;44;72m⣾[48;2;0;51;102m⢟⢀[48;2;16;22;28m⡀[38;2;225;225;225m[48;2;0;51;102m⢸⠀⠀⠀[48;2;119;170;85m⠀[38;2;255;255;255m[48;2;34;119;136m⠈⠑⠜⠀⠀[48;2;0;51;102m⠀[48;2;16;22;28m⠀⠀[48;2;0;51;102m⠀⠀⠀⠀⠀⠀⠀[38;2;225;225;225m[48;2;16;22;28m⠑⠢⠤⠒⠢⢄⣀⡀⢾⠀⠀⣠⠃⠀⢀⡤⡼[38;2;170;215;255m⢇⠈⢢⠈⠑⠃⠀⠀⠀⠀⠀[0m
[38;2;255;255;255m[48;2;16;22;28m⠀⠀⠀⠀⠀⠀⠀⠀⠀⠀⠀⠀⠀⠀⠀⠀⠀⠀⠀⠀⠀⠀[48;2;0;51;102m⠀[48;2;34;119;136m⣯⣼⣥⡞[48;2;0;51;102m⠀[48;2;16;22;28m⠀⠀[48;2;119;170;85m⠀⠀⠀[38;2;0;0;0m⡇[48;2;34;119;136m⠀⠀[38;2;225;225;225m[48;2;0;51;102m⡇[48;2;16;22;28m⠀⠀⠀[38;2;170;215;255m[48;2;0;51;102m⡠⠃[48;2;16;22;28m⠀[48;2;34;119;136m⠀⠀[48;2;16;22;28m⠀⠀[48;2;34;119;136m⠀⠀⠀[48;2;119;170;85m⠀[38;2;0;0;0m[48;2;221;170;34m⡸⠀[48;2;119;170;85m⠀⠀⠀[48;2;34;119;136m⠀⠀[38;2;255;255;255m⢀⣤⣷[48;2;60;108;123m⣷⣀⣈[38;2;0;0;0m[48;2;118;154;77m⣑⣤[38;2;255;128;80m[48;2;112;36;28m⣀⣀[38;2;0;0;0m[48;2;205;154;33m⣀⣀⣀[48;2;235;201;108m⣀⣀⣀[48;2;118;154;77m⣀⣀⣀⣀[38;2;255;255;255m[48;2;34;119;136m⣸[48;2;0;51;102m⠀[48;2;34;119;136m⠀⠀⠀⠀⠀⠐[38;2;120;160;200m[48;2;0;51;102m⣾⠿⣇[48;2;16;22;28m⣼⣠⣙⣷⣆⡿⠙⠁⠻⠿⠛⠁[38;2;225;225;225m⢸⠀⠀⠀⠀[48;2;0;51;102m⠀[48;2;34;119;136m⠀⠀⠀⠀[48;2;0;51;102m⠀[48;2;16;22;28m⠀⠀⠀⠀⠀⠀⠀⠀⠀⠀⠀⠀⠀⠀⠀⠀⠉⠙⠢[38;2;255;255;255mGadsden[38;2;170;215;255m⡈⠒⠊⠀⠀⠀⠀⠀⠀⠀⠀[0m
[38;2;255;255;255m[48;2;16;22;28m⠀⠀⠀⠀⠀⠀⠀⠀⠀⠀⠀⠀⠀⠀⠀⠀⠀⠀⠀⠀⠀⠀[48;2;34;119;136m⠀⠣[38;2;90;140;90m[48;2;0;51;102m⣹[48;2;16;22;28m⣞⠀[48;2;0;51;102m⠀⠀[48;2;34;119;136m⠀[48;2;119;170;85m⠀⠀[38;2;0;0;0m⢀⠇[48;2;34;119;136m⠀⠀[38;2;225;225;225m[48;2;0;51;102m⢳[48;2;16;22;28m⠀⠀[38;2;170;215;255m⡏⠁[48;2;0;51;102m⠀[48;2;34;119;136m⠀⠀⠀⠀⠀⠀⠀⠀⠀[38;2;255;255;255m⡇⠀⠀⠀⠀[48;2;0;51;102m⠀[48;2;34;119;136m⠀⠸⣧⣻⠃[38;2;225;225;225m⢱[38;2;0;0;0m[48;2;221;170;34m⣠⠀⠀[48;2;255;221;119m⠀⠉⠒⠤[48;2;221;170;34m⢄⣀⣀⠀⠀[48;2;119;170;85m⠀⠀⠀[48;2;34;119;136m⠀⠀[48;2;0;51;102m⠀[38;2;255;110;200m[48;2;16;22;28m⢀[48;2;109;31;112m⠔[48;2;49;48;104m⠉⠉[38;2;255;255;255m[48;2;59;108;132m⠉⠉⠉⠋[38;2;255;110;200m[48;2;109;31;112m⠟⠙⣿⣿[48;2;16;22;28m⡾[38;2;120;160;200m⠙⠀⠀⠀⠀⠀⠀[38;2;225;225;225m⢈⠇⠀⠀⠀[48;2;34;119;136m⠀⠀⠀⠀[48;2;0;51;102m⠀⠀[48;2;16;22;28m⠀⠀⠀⠀⠀⠀⠀⠀⠀⠀⠀⠀[48;2;0;51;102m⠀⠀⠀[48;2;16;22;28m⠀⠀⡠⠊⠀⠈⠉[38;2;170;215;255m⢇[38;2;225;225;225m⡫⢍⠙[38;2;170;215;255m⠛[38;2;225;225;225m⠒⠒⠒⠤⣀⡀⠀⠀⠀⠀[0m
[38;2;255;255;255m[48;2;16;22;28m⠀⠀⠀⠀⠀⠀⠀⠀⠀⠀⠀⠀⠀⠀⠀⠀⠀⠀⠀⠀⠀⠀⠀[38;2;90;140;90m⢸[48;2;0;51;102m⣝[48;2;16;22;28m⡏[38;2;255;255;255m[48;2;34;119;136m⠳⢤[38;2;0;0;0m[48;2;119;170;85m⡄⠀[48;2;221;170;34m⠀⠀⡜[48;2;119;170;85m⠀⠀[48;2;34;119;136m⠀[38;2;225;225;225m[48;2;16;22;28m⠈⡆⠀[38;2;170;215;255m⢸[48;2;34;119;136m⠀⠀⠀⠀⠀[48;2;119;170;85m⠀⠀[38;2;255;255;255m[48;2;34;119;136m⢀⡠[48;2;59;108;132m⠤[38;2;0;0;0m[48;2;117;154;91m⠒[38;2;255;255;255m[48;2;59;108;132m⣿[48;2;34;119;136m⠀⠀⠀⠀⠀[48;2;16;22;28m⠀⠀[38;2;90;140;90m⠈⠀[48;2;119;170;85m⠀⠀[48;2;221;170;34m⠀[38;2;0;0;0m⠉[48;2;255;221;119m⠒⢄⠀⠀⠀[48;2;221;170;34m⠀⠀⠀⠉[48;2;119;170;85m⠙⠒[38;2;225;225;225m[48;2;34;119;136m⠦⣀[48;2;16;22;28m⠀[38;2;255;110;200m⡠[48;2;109;31;112m⠒⠁⠀⠀⠀[48;2;49;48;104m⠀⠀[48;2;109;31;112m⠀⠀⠀⠀⠀[38;2;120;160;200m⠙[38;2;255;110;200m[48;2;16;22;28m⢇⠀⠀⠀⠀⠀⠀⠀[38;2;225;225;225m⢸⠀⠀[48;2;119;170;85m⠀⠀⠀[48;2;34;119;136m⠀[48;2;0;51;102m⠀⠀[48;2;16;22;28m⠀⠀⠀⠀⠀⠀⠀⠀⠀⠀⠀⠀⠀⠀[48;2;34;119;136m⠀⠀[48;2;0;51;102m⡠[48;2;16;22;28m⠖⠉[38;2;120;160;200m⣀⡀[38;2;170;215;255m⢀⠔⠉⠢⠜[38;2;225;225;225m⠈⡆⠀⠀⠀⠀⠀⠀⠈⠉⠉⠒⡴[0m
[38;2;255;255;255m[48;2;16;22;28m⠀⠀⠀⠀⠀⠀⠀⠀⠀⠀⠀⠀⠀⠀⠀⠀⠀⠀⠀⠀⠀⠀[48;2;34;119;136m⠀[38;2;90;140;90m[48;2;0;51;102m⢀⡟[38;2;255;255;255m[48;2;34;119;136m⠒[38;2;0;0;0m[48;2;119;170;85m⠋⠙[48;2;221;170;34m⠀⠀⠀⠀[48;2;119;170;85m⢸[48;2;34;119;136m⠀⠀⠀⠀[38;2;225;225;225m⡇⠀[38;2;170;215;255m⢣⠀⠀[38;2;255;255;255m⣀⡠[48;2;59;108;132m⠤[38;2;0;0;0m[48;2;117;154;91m⠒⠉[38;2;255;255;255m[48;2;59;108;132m⠁⠀⠀[38;2;0;0;0m[48;2;117;154;91m⢸[38;2;255;255;255m[48;2;34;119;136m⢸⠀[48;2;119;170;85m⠀[48;2;34;119;136m⠀⠀⠀⠀[48;2;16;22;28m⠀[48;2;119;170;85m⠀[48;2;221;170;34m⠀⠀⠀⠀[48;2;119;170;85m⠀[48;2;221;170;34m⠀[38;2;0;0;0m⡞[48;2;255;221;119m⠀⠀[48;2;221;170;34m⠀[48;2;119;170;85m⠀⠀⠀⠀⠀⠀⠀[38;2;255;255;255m[48;2;59;108;132m⡠[38;2;255;110;200m[48;2;109;31;112m⠋[38;2;225;225;225m⠒⣄⠀⠀⠀⠀⠀⠀⠀⠀⠀⠀⠀⠀[38;2;255;110;200m⠘⠒⠒⠒[48;2;16;22;28m⢄⠀⠀⠀[38;2;225;225;225m⠈⢢[48;2;0;51;102m⠀⠀[48;2;119;170;85m⠀⠀[48;2;0;51;102m⠀[48;2;16;22;28m⠀⠀⠀⠀⠀⠀⠀⠀⠀⠀⠀⠀⠀⠀[48;2;0;51;102m⠀⢀⠤⠊⠀[48;2;16;22;28m⠀⠀[38;2;120;160;200m⠨⣇[38;2;170;215;255m⣑⡦⠀⠀⠀⠀[38;2;225;225;225m⡇⠀⠀⠀⠀⠀⠀⣀⠔⠉[38;2;90;140;90m⣉⡴[0m
[38;2;120;160;200m[48;2;16;22;28m⣠⣤⣀⠀⠀⠀⠀⠀⠀⠀⠀⠀⠀⠀⠀⠀⠀⠀⠀⠀⠀⠀[38;2;255;255;255m[48;2;34;119;136m⢀⡜[38;2;0;0;0m[48;2;119;170;85m⠁⠀[48;2;34;119;136m⠀[48;2;119;170;85m⠀[48;2;221;170;34m⠀⠀[48;2;119;170;85m⠀⠀⠀[38;2;225;225;225m[48;2;34;119;136m⡇[48;2;119;170;85m⠀⠀[48;2;34;119;136m⠀[38;2;255;255;255m⣱[48;2;59;108;132m⡠⠔⡗⠉⠀⠀⠀⠀[48;2;117;154;91m⠀[48;2;59;108;132m⠀⠀⠀[38;2;190;190;190m⢸[38;2;255;255;255m[48;2;34;119;136m⡇⠀⠀⠀⠀⠀⠀[48;2;16;22;28m⠀[48;2;34;119;136m⠀⠀[48;2;119;170;85m⠀⠀[48;2;34;119;136m⠀⠀[48;2;221;170;34m⠀[38;2;0;0;0m⢣⠀⠀⠀[48;2;119;170;85m⠀⠀[48;2;34;119;136m⠀⠀[38;2;255;110;200m[48;2;0;51;102m⢀[48;2;49;48;104m⡠⠊⠀⠀[48;2;109;31;112m⠀[38;2;225;225;225m⠈⠉⠉⠒⢄⠀⠀⠀⠀⠀⠀⠀⠀⠀⠀⠀⠀[38;2;255;110;200m⠘[48;2;16;22;28m⡄⠀⠀⠀[38;2;225;225;225m⠈[48;2;0;51;102m⡇⠀[48;2;16;22;28m⠀⠀⠀⠀⠀⠀⠀⠀⠀⠀⠀⠀⠀⠀⠀⠀⣠[38;2;0;0;0m[48;2;119;170;85m⠞⠁[48;2;34;119;136m⠀[48;2;0;51;102m⠀[48;2;16;22;28m⠀⠀⠀⠀[38;2;120;160;200m⠭[48;2;24;44;72m⢿[38;2;170;215;255m[48;2;16;22;28m⡇⠀⠀⠀⠀[38;2;225;225;225m⡇⠀⠀⠀⠀⢠⠊⠀⠀[38;2;90;140;90m⣰⣷⡰[0m
[38;2;120;160;200m[48;2;16;22;28m⠔⠋⠛⠀⠀⠀⠀⠀⠀⠀⠀⠀⠀⠀⠀⠀⠀⠀⠀⠀⠀[38;2;90;140;90m⢀[38;2;255;255;255m[48;2;34;119;136m⠎⠀⠀[48;2;119;170;85m⠀⠀⠀[38;2;0;0;0m⢀[48;2;205;154;60m⡠⠔⠊⢑⣾⠔⠒⠉[48;2;117;154;91m⠈⠉⠉⠫⡑⣆[48;2;59;108;132m⠀⠀⠀⠀⠀⠀⠀[38;2;190;190;190m⡜[38;2;255;255;255m[48;2;34;119;136m⡇⠀⠀⠀⠀⠀⠀⠀⠀[48;2;0;51;102m⠀⠀⠀⠀⠀[48;2;34;119;136m⠀[38;2;225;225;225m⠸⡀⠀[48;2;0;51;102m⠀⠀⠀[38;2;255;110;200m⢀[48;2;49;48;104m⠔⠁⠀⠀⠀⠀[48;2;109;31;112m⠀⠀⠀⠀⠀⠀[38;2;225;225;225m⠉⠒⠢⢄⠀⠀⠀⠀⠀⠀⠀[38;2;255;110;200m⢠[48;2;16;22;28m⠔⠃⠀⠀⠀⠀[38;2;225;225;225m⡇⠀⠀⠀⠀⠀⠀⠀⠀⠀⠀⠀⠀⠀⢀⣀⡤⠚[48;2;34;119;136m⠁⠀[48;2;0;51;102m⠀⠀[48;2;16;22;28m⠀⠀⠀⠀⠀[38;2;120;160;200m⠠⣿[38;2;170;215;255m⡇⠀⠀⠀⠀[38;2;225;225;225m⢸⠀⠀⠀⠀⢀⠇⠀[38;2;90;140;90m⠘⠛⣹⠁[0m
[38;2;255;255;255m[48;2;16;22;28m⠀⠀⠀⠀⠀⠀⠀⠀⠀⠀⠀⠀⠀⠀⠀⠀⠀⠀⠀⠀⠀[38;2;90;140;90m⡸[48;2;119;170;85m⠀⠀[38;2;0;0;0m[48;2;221;170;34m⣀[48;2;205;154;60m⠤[48;2;235;201;118m⠒⠉⠁⠀⠀⠀⢸⡇⡇⠀⠀⠀[48;2;205;154;60m⠀[48;2;117;154;91m⠀⠘⡄⠘[38;2;225;225;225m[48;2;59;108;132m⡄⠀⠀⠀⠀[38;2;255;255;255m⣀⣀[48;2;34;119;136m⡟⠀⠀⠀⠀⠀[48;2;0;51;102m⠀⠀⠀⠀⠀⠀⠀[48;2;34;119;136m⠀[48;2;119;170;85m⠀⠀[38;2;0;0;0m⢀⠇[48;2;34;119;136m⠀⠀[38;2;255;110;200m[48;2;0;51;102m⢀[48;2;49;48;104m⠔[38;2;255;255;255m[48;2;59;108;132m⠁⠀⠀⠀⠀⠀⠀⠀⠀⠀⠀[48;2;109;31;112m⠀⠀⠀⠀⠀⠀[38;2;225;225;225m⡇⠀⠀⠀⠀⠀⠀[38;2;255;110;200m[48;2;16;22;28m⡎⠀⠀⠀⠀⠀⠀[38;2;225;225;225m⡇⠀⠀⠀⠀⠀⠀⠀⠀⠀⠀⠀⢀⡞⠉⠁⠀[48;2;0;51;102m⠀[48;2;34;119;136m⠀⠀[48;2;0;51;102m⠀⠀[48;2;16;22;28m⠀⠀⠀⠀⠀[38;2;170;215;255m⢀⡔⠃⠀⠀⠀⠀⠀[38;2;225;225;225m⣇⠀⠀⢠⢪[38;2;90;140;90m⡤⡤⡄⢠⡇⠀[0m
[38;2;255;255;255m[48;2;16;22;28m⠀⠀⠀⠀⠀⠀⠀⠀⠀⠀⠀⠀⠀⠀⠀⠀⠀⠀⠀[38;2;255;110;200m⢀⣠[48;2;109;31;112m⠗[38;2;0;0;0m[48;2;205;154;60m⠒[48;2;235;201;118m⠉⠀⠀⠀⠀⠀⠀⠀⠀⢸⣇⣸⣀⣀[48;2;205;154;60m⣀⣀[48;2;117;154;91m⣀[38;2;255;255;255m[48;2;59;108;132m⣀⣇[38;2;225;225;225m⠰⡅⠀[38;2;255;255;255m⣀[48;2;34;119;136m⠔⠊⠀⢀⠇⠀[48;2;0;51;102m⠀[48;2;34;119;136m⠀⠀⠀[48;2;16;22;28m⠀⠀⠀⠀⠀⠀⠀⠀⠀[38;2;225;225;225m⢠[38;2;0;0;0m[48;2;119;170;85m⠃⠀⡠[48;2;117;154;91m⠒⠁⠀⠀⠀⠀⠀⠀[48;2;59;108;132m⠀⠀⠀⠀⠀⠀⠀⠀⠀⠀[48;2;109;31;112m⠀⠀[38;2;225;225;225m⠈⠒⠤⣀⠀[38;2;255;110;200m[48;2;16;22;28m⡠⠊⠀⠀⠀⠀⠀⠀[38;2;225;225;225m⢠[48;2;0;51;102m⠃[48;2;16;22;28m⠀[48;2;0;51;102m⠀⠀[48;2;16;22;28m⠀⠀⠀⠀⠀⠀⠀⡰⠉⠀⠀⠀⠀⠀⠀⠀⠀⠀⠀[38;2;170;215;255m⣀⣀⢰⠚⠁⠀⠀⠀⠀⠀⠀⠀[38;2;225;225;225m⠈⠒⢴⡇[38;2;90;140;90m⢸⡄⡷⠿⠿⡏⠀[0m
[38;2;255;255;255m[48;2;16;22;28m⠀⠀⠀⠀⠀⠀⠀⠀⠀⠀⠀⠀⠀⠀⠀⠀⠀[38;2;255;110;200m⢴[48;2;109;31;112m⠊⣡[38;2;255;255;255m⠞⠀Tornado Warning[38;2;0;0;0m[48;2;205;154;60m⠉[38;2;255;255;255m[48;2;59;108;132m⠉⠉⢹[38;2;255;110;200m[48;2;49;48;104m⡣[48;2;0;51;102m⠔⢳⠉⠀[48;2;34;119;136m⠀⠀⠀[38;2;190;190;190m[48;2;0;51;102m⢸⠀[48;2;16;22;28m⠀[48;2;0;51;102m⠀⠀⠀⠀[48;2;16;22;28m⠀⠀⠀[48;2;119;170;85m⠀⠀⠀⠀⠀⠀[38;2;0;0;0m[48;2;221;170;34m⢸[48;2;205;154;60m⡠⠊⠀⠀[38;2;255;255;255m[48;2;109;31;112mTornado Warning[48;2;59;108;132m⠀⠀⠀⠀⠀⠀⠀[48;2;34;119;136m⡨⠋[38;2;225;225;225m[48;2;16;22;28m⠢⠤⣀⡀⠀⠀⠀⠀⠀⡇[48;2;0;51;102m⠀⠀⠀[48;2;16;22;28m⠀⠀⠀⠀⣀⠴⠚⠁⠀⠀⠀⠀⠀⠀⠀⠀⠀⠀⠀[38;2;170;215;255m⠈⢺⠚⠀⠀⠀⠀⠀⠀⠀⠀⠀⠀[38;2;90;140;90m⣀[38;2;225;225;225m⣸⠙⡮[38;2;90;140;90m⠵⠃⠀⠘⣣⣰[0m
[38;2;255;255;255m[48;2;16;22;28m⠀⠀⠀⠀⠀⠀⠀⠀⠀⠀⠀⠀⠀⠀⠀⠀⠀[38;2;255;110;200m[48;2;109;31;112m⢸[38;2;255;255;255m⣠⠇⠀⠀[48;2;235;201;118m⠀⠀⠀⠀⠀⠀⠀⠀[48;2;205;154;60m⠀⠀⠀⠀[38;2;0;0;0m[48;2;117;154;91m⠈⡆⠀[48;2;59;108;132m⠀⠀[48;2;49;48;104m⠀[38;2;255;110;200m⠈[48;2;16;22;28m⣧⡀[38;2;225;225;225m⢸⠀⠀⠀[48;2;0;51;102m⠀⠀[38;2;190;190;190m[48;2;16;22;28m⢸[48;2;0;51;102m⠀[48;2;16;22;28m⠀⠀⠀⠀⠀[48;2;34;119;136m⠀⠀⠀[48;2;119;170;85m⠀⠀⠀[48;2;221;170;34m⠀[38;2;0;0;0m[48;2;255;221;119m⢀[48;2;235;201;118m⡠⠺[48;2;205;154;60m⡀⠀⠀⠀⠀⠀[48;2;117;154;91m⠀⠀⠀⠀⠀[48;2;59;108;132m⠀⠀⠀⠀[48;2;117;154;91m⠀⠀⠀[48;2;59;108;132m⠀[38;2;255;255;255m⣀⠀⣀⡄⢀[48;2;34;119;136m⡠⠊⠀⠀⠀⠀⠀[38;2;225;225;225m⠈⠑[48;2;16;22;28m⢄⣀[48;2;34;119;136m⠀⠀⢣⡀⠀[48;2;0;51;102m⠀[48;2;34;119;136m⠀[48;2;16;22;28m⠀⢀⠞⠁⠀⠀⠀⠀⠀⠀⠀⠀⠀⣀⣀⣀⣀⣀⣠[38;2;170;215;255m⣼⠀⠀⠀⠀⠀⠀⠀⠀⠀[38;2;90;140;90m⣖⡿⠟[38;2;225;225;225m⣹⡤⡧⢤⣤⡤[38;2;90;140;90m⣾⣿[38;2;225;225;225m⠷[0m
[38;2;255;255;255m[48;2;16;22;28m⠀⠀⠀⠀⠀⠀⠀⠀⠀⠀⠀⠀⠀⠀⠀⠀⠀[38;2;255;110;200m[48;2;109;31;112m⣿[38;2;255;255;255m⠃⠀[38;2;255;110;200m⢀⡠[38;2;0;0;0m[48;2;235;201;118m⡀⠀⠀⠀⠀⠀[48;2;205;154;60m⠀⠀⠀⠀[48;2;117;154;91m⠀⢀[38;2;255;255;255m[48;2;59;108;132m⣀⡧[38;2;255;110;200m[48;2;49;48;104m⠤[48;2;16;22;28m⠒⠒⠉⠉[38;2;170;215;255m⡎⠀[38;2;225;225;225m⡎⠀⠀⠀⠀⠀[38;2;190;190;190m⡎⠀⠀⠀⠀[48;2;0;51;102m⠀⠀[48;2;34;119;136m⠀⠀⠀[48;2;0;51;102m⠀[48;2;119;170;85m⠀[38;2;0;0;0m⢀[48;2;205;154;60m⠔⠁[48;2;235;201;118m⠀[48;2;205;154;60m⠀⢣⠀⠀⠀⠀⠀[48;2;117;154;91m⠀⠀⠀⠀⠀⠀⠀⠀[48;2;59;108;132m⠀[38;2;255;255;255m⢀⡾⠶⠎⠋⠳⣃[48;2;34;119;136m⡝⣏⠀⠀⠀⠀⠀⠀⠀⠀⠀⠀⠀[38;2;225;225;225m⠉⠑⡦⠃⠀⢀⠔⠒⠋⡆[48;2;16;22;28m⠀⠀⣀⠤⠔⠒⠊⠉⠉⠉⠁⠀⠀⠀[38;2;120;160;200m⠽⣿⣫⢭[38;2;225;225;225m⠉⠑⠒⠒⠢⠤⠖⠒⠒⣒⡽⠀[38;2;90;140;90m⣀⡤⠞⢚⣸[38;2;225;225;225m⢣⠀⠀[0m
[38;2;255;255;255m[48;2;16;22;28m⠀⠀⠀⠀⠀⠀⠀⠀⠀⠀[38;2;225;225;225m⡠⢤⡤⠶⠭⢭[38;2;170;215;255m⠿[38;2;255;110;200m⢛[48;2;109;31;112m⡲⡶⢥[38;2;225;225;225m⣀[38;2;0;0;0m[48;2;117;154;91m⠈⢆⠀⠀⣀⡠⠤[48;2;119;170;85m⠔⠒[38;2;255;255;255m[48;2;34;119;136m⠊⠉[38;2;255;110;200m[48;2;0;51;102m⠁⠀[38;2;225;225;225m⡇[48;2;16;22;28m⠀⠀⠀⠀⠀[38;2;170;215;255m⢣⠀[38;2;225;225;225m⢇⣀⢄⡀⠀⠀[38;2;190;190;190m⡇⠀⠀⠀[38;2;255;110;200m[48;2;109;31;112m⡤⠤[48;2;49;48;104m⠤[38;2;255;255;255m[48;2;59;108;132m⠤⠤[38;2;0;0;0m[48;2;117;154;91m⠤⠤[48;2;205;154;60m⢤[48;2;235;201;118m⠧[48;2;235;231;220m⠤[48;2;235;201;118m⠤⠤⠤⢼⠤⠤⠤[48;2;205;154;60m⠤⢤⠀[48;2;117;154;91m⠀⠀⠀⠀⠀⠀⠀[48;2;59;108;132m⠀[38;2;255;255;255m⣿⣧⣄⡀⣰⣿[48;2;34;119;136m⣿⠛⠉⠀⠀⠀⠀⠀⠀⠀⠀⠀[48;2;16;22;28mBirmingham[38;2;225;225;225m[48;2;34;119;136m⡯⠋⠉⠉⠀⠀⠀⠀⠀⠀⠀[48;2;16;22;28m⠀⠀[38;2;120;160;200m⢀⣾⣧⣤[38;2;170;215;255m⠾[38;2;120;160;200m⠏⠀⠀⠀⠀⠀⠀[38;2;225;225;225m⢀⡠⢖[38;2;90;140;90m⣹⠾⠏⠉⠉⠀⢀⣾⣶⠀[38;2;225;225;225m⢣⠀[0m
[38;2;255;255;255m[48;2;16;22;28m⠀⠀⠀⠀⠀⠀⠀[38;2;225;225;225m⢀⣠⡪[38;2;170;215;255m⠊⠁⠀⠀[38;2;90;140;90m⣰[38;2;255;110;200m⡣[48;2;109;31;112m⠔⠁⠀⣇⠤⠬⠛⠛⠛[48;2;16;22;28m⢟[38;2;225;225;225m⠒⢲⠒⠒⠦⣀⡠⠤⠤⡗⠤⠤⠤⠤⠤⡜⢲⠋⠀⠀⠉⠉⢒[38;2;190;190;190m⠧[38;2;225;225;225m⣀⠀[38;2;255;110;200m⢀[48;2;109;31;112m⠇⠀⠀⠀[48;2;59;108;132m⠀[38;2;0;0;0m[48;2;205;154;60m⡠[48;2;235;201;118m⠔⠁⠀[48;2;235;231;220m⠀⠀⠀[48;2;235;201;118m⠀⠘⡄⠀⠀⠀⠀[48;2;205;154;60m⢣⠀⠀[48;2;117;154;91m⠀⠀⠀[48;2;59;108;132m⠀⠀⠀⠀[38;2;255;255;255m⣀⣻⡿[48;2;34;119;136m⢿⡏⠋⠀⠀⠀⠀⠀⠀⠀⠀⠀⠀⠀[38;2;225;225;225m⢰⠒⠁⠀⡞⠸⢄⠀⢰⠁⠀⠀⠀⠀⠀⠀⠀⠀⠀⠀⠀⠀[38;2;255;255;255m⢠⣾[38;2;120;160;200m[48;2;16;22;28m⡟⠿⠛⠀⠀⠀⠀[38;2;225;225;225m⢀⣀⢀⠎⠁⠀[38;2;90;140;90m⡾⠀⠀⠀⠀⠀⣴⠟⡥⠎⠀⠀[38;2;225;225;225m⠉[0m
[38;2;225;225;225m[48;2;16;22;28m⠉⢳⣤⣤⠶⠶⠚[38;2;170;215;255m⠋⠁⠀⠀⠀[38;2;255;110;200m⣠[48;2;109;31;112m⠔⠉⠀⠀⠀⠀⠀⠀⠀[48;2;49;48;104m⠀[48;2;109;31;112m⠀⠀⠈⠢[48;2;16;22;28m⣸⠀⠀⠀⠀⠀⠀⠀[38;2;225;225;225m⡇⠀⠀⠀⠀⡰⠁⠀[38;2;170;215;255m⣇⡀⠀⠀⠀[38;2;190;190;190m⢸⠀⠀[38;2;225;225;225m⠑[38;2;255;110;200m[48;2;109;31;112m⢾[38;2;225;225;225m⡀⠀⠀[38;2;255;110;200m⡠[38;2;0;0;0m[48;2;205;154;60m⠊[48;2;235;201;118m⠀[48;2;235;231;220m⠀⠀⠀⠀⠀⠀⠀⠀[48;2;235;201;118m⠑⢄⠀⠀⠀[48;2;205;154;60m⠀⢣⠀⠀[48;2;117;154;91m⢀⣀[38;2;255;255;255m[48;2;59;108;132m⠤[48;2;34;119;136m⠔⠒⠉⠀⠈⠀⠀⠀⠀⠀⠀⠀⠀⠀⠀⠀⠀⠀⠀[38;2;225;225;225m⣪⠁⠀⠀⠀⢝⠀⠈⡲⢧⡀⠀⠀⠀⠀⠀⠀⠀⠀⠀⠀⠀⠀[38;2;255;255;255m⣸⠟⠟[48;2;16;22;28m⠀⠀⠀⠀⠀[38;2;225;225;225m⡜⠁⠀⠉⠀⠀⠀[38;2;90;140;90m⡇⠀⢀⡠⠞⣝⡟⠉⠁⠀⠀⠀⠀[0m
[38;2;170;215;255m[48;2;16;22;28m⠖⠁⠀⠀⠀⠀⠀⠀⠀[38;2;255;110;200m⡠[48;2;109;31;112m⠔⢩[38;2;255;255;255m⠏⠀⠀⠀⠀⠀⠀⠀⠀⠀⠀⠀⠀⠀⠀[38;2;255;110;200m⡜⠒[48;2;16;22;28m⢄⠀⠀⠀⠀⠀[38;2;225;225;225m⢇⠀⠀[38;2;90;140;90m⢀[38;2;225;225;225m⢠⠃⠀⠀⠀[38;2;170;215;255m⢱⠀⠀⠀[38;2;190;190;190m⢸⠀⠀⠀[38;2;255;110;200m[48;2;109;31;112m⢸[38;2;225;225;225m⠉⠒[48;2;59;108;132m⠒[38;2;255;110;200m[48;2;49;48;104m⠚[38;2;0;0;0m[48;2;205;154;60m⢦[48;2;235;201;118m⢄[48;2;235;231;220m⡀⠀⠀⠀⠀⠀⠀[48;2;235;201;118m⠀⠀[48;2;205;154;60m⠀⠑⡆⣀⡠⡤⣷[48;2;221;170;34m⡾⠇[48;2;119;170;85m⠀[48;2;34;119;136m⠀⠀⠀⠀⠀⠀⠀⠀⠀⠀⠀⠀⠀⠀⠀⠀⠀⠀⠀[38;2;225;225;225m⡜⠁⠀⠀⠀⠀⣈⡳⡚⠀⠀[38;2;255;255;255m⣭[38;2;225;225;225m⡇⠀⠀⠀⠀⠀⠀⠀⠀⠀⠀[38;2;170;215;255m⢖⠁⠀⠀⠀⠀[48;2;16;22;28m⠀⠀[38;2;225;225;225m⡠⠃⠀⠀[38;2;90;140;90m⢀⣴⠴⠛⠃⢀⡼⣾⣴⠃⠀⠀⠀⠀⠀⠀⠀[0m
[38;2;255;255;255m[48;2;16;22;28m⠀⠀⠀⠀⠀⠀[38;2;255;110;200m⣀[48;2;109;31;112m⠔⢊[38;2;255;255;255m⡔⠒⠁⠀⠀⠀⠀⠀⠀⠀⠀⠀⠀[48;2;59;108;132m⠀⠀⠀[48;2;109;31;112m⠀[38;2;225;225;225m⡰⠁⠀⠀[38;2;255;110;200m⠑[48;2;16;22;28m⠤⡀⠀⠀[38;2;225;225;225m⠸⡀[38;2;90;140;90m⢸⣮[38;2;225;225;225m⡟⠀[48;2;119;170;85m⠀⠀⠀[48;2;221;170;34m⠀[38;2;0;0;0m⠱⡀⠀⡎[48;2;119;170;85m⠀⠀⠀[38;2;255;255;255m[48;2;34;119;136m⠸[38;2;255;110;200m[48;2;109;31;112m⡀⠀[48;2;59;108;132m⠀[48;2;49;48;104m⠀⠀[38;2;0;0;0m[48;2;205;154;60m⠣⡈⠒[48;2;235;201;118m⢄⣀⡀⠀[48;2;205;154;60m⢀⣀⠤⠔⢊⡹⣒⡝⠻[48;2;221;170;34m⡿[48;2;119;170;85m⢿⣗[38;2;255;255;255m[48;2;34;119;136m⡄⠀[48;2;0;51;102m⠀⠀⠀[48;2;34;119;136m⠀⠀⠀⠀⠀⠀⠀⠀⠀⠀⠀⠀⠀[38;2;225;225;225m⢀⣎⣀⣀⣀⡠⠤⠚⠁⠀⣇[38;2;255;255;255m⡤⢚⡏[38;2;225;225;225m⠑⠤⠤⠤⠤⠖⠒⠢⠤⢄⠀[38;2;170;215;255m⢤⠇⠀⠀⠀⠀[38;2;225;225;225m⢀[48;2;16;22;28m⠎⠀[38;2;90;140;90m⢠⠎⠙⠙⠉⣾⣠⠔⠋⠀⠈⠉⠀⠀⠀⠀⠀⠀⠀⠀[0m
[38;2;255;255;255m[48;2;16;22;28m⠀⠀⠀[38;2;255;110;200m⣀⢄[48;2;109;31;112m⡜⠀[38;2;255;255;255m⡴⠚⠀⠀⠀⠀⠀⠀⠀⣀⡏⠓⣆⡀⠀[48;2;59;108;132m⠀⢀⠀[38;2;225;225;225m⢸⠁[48;2;109;31;112m⠀⠀[38;2;255;110;200m⣀[48;2;16;22;28m⠤⠒⠉⠀⠀⠀[38;2;225;225;225m⠳[38;2;90;140;90m⡸⢷[38;2;225;225;225m[48;2;34;119;136m⠃⠀[48;2;119;170;85m⠀⠀[48;2;221;170;34m⠀⠀⠀[38;2;0;0;0m⠉⠉⡇[48;2;119;170;85m⠀⠀[48;2;34;119;136m⠀⠀[38;2;255;110;200m[48;2;109;31;112m⡇⠀[48;2;49;48;104m⠀[38;2;255;255;255m[48;2;109;31;112mTornado Warning[48;2;117;154;91m⠀[38;2;0;0;0m⠘⡄⢱[48;2;34;119;136m⠀[38;2;255;255;255m⠻[38;2;120;160;200m[48;2;16;22;28m⣷⡀⠀⠀[48;2;0;51;102m⠀⠀⠀[48;2;34;119;136m⠀⠀⠀⠀⠀⠀⠀⠀⠀[38;2;225;225;225m⢀⠔⠁⠀⠀⠀⠀⠀⠀⠀⠀⡼[38;2;255;255;255m⠧⠖⠉⠀⠀⠀⠀⠀⠀⠀⠀⠀⠀⠀[38;2;225;225;225m[48;2;0;51;102m⠑[38;2;170;215;255m⢮⠀⠀⠀⠀[48;2;16;22;28m⠀[38;2;225;225;225m⢸⠀⠀[38;2;90;140;90m⡞⠀⢀⡴⠎⠉⠀⠀⠀⠀⠀⠀⠀⠀⠀⠀⠀⠀[38;2;120;160;200m⣤⣴[0m
[38;2;255;110;200m[48;2;16;22;28m⢀[48;2;109;31;112m⠤⠊⠀⠀⠀[38;2;255;255;255m⡰Tornado Warning[48;2;59;108;132m⠖⢫⠿⢭[38;2;225;225;225m⡁[48;2;109;31;112m⠀⠀[38;2;255;110;200m[48;2;16;22;28m⡇⠀⠀⠀⠀⠀⠀⠀[38;2;225;225;225m⠳⡸[48;2;119;170;85m⠀[48;2;221;170;34m⠀⠀⠀[48;2;119;170;85m⠀⠀[48;2;34;119;136m⠀⠀[38;2;255;255;255m⢀⡇⠀⠀[48;2;0;51;102m⠀⠀[38;2;255;110;200m[48;2;109;31;112m⡇⠀⠀⠀⠀⠀⠀⠀⠀⢀[48;2;49;48;104m⡠⢔⠭[48;2;109;31;112m⠛[48;2;49;48;104m⠉[38;2;225;225;225m⠙⠒⠢[48;2;109;31;112m⣄[48;2;49;48;104m⡀⠘⢆[38;2;255;255;255m[48;2;0;51;102m⣣[48;2;16;22;28m⡀[38;2;120;160;200m⠙⠁⠀⠀⠀⠀[48;2;0;51;102m⠀⠀⠀⠀⠀⠀⠀[48;2;34;119;136m⠀[38;2;225;225;225m⣀⡠⠃⠀⠀⠀⠀⠀⠀[38;2;200;200;200m[48;2;16;22;28mAlabama[48;2;34;119;136m⠀⠀⠀⠀⠀⠀⠀⠀[48;2;0;51;102m⠀⠀[38;2;170;215;255m⣈[48;2;16;22;28m⠏⠊[38;2;225;225;225m⠉⢆[48;2;0;51;102m⠀[48;2;16;22;28m⠀⠀⢀⠇⠀[38;2;90;140;90m⠈⢳⡀⢸⡃⠀⠀⠀⠀⠀⠀⠀⠀⠀⠀⠀⠀⠀⠀[38;2;120;160;200m⠹[48;2;24;44;72m⠿[0m
[38;2;255;110;200m[48;2;109;31;112m⠁⠀⠀⠀⠀[38;2;255;255;255m⡼⠁⠀⠀⠀⠀⠀⠀⠀⠀⠀⠈⣟⣀⢰⣧⣼[38;2;225;225;225m[48;2;59;108;132m⢳⢇[38;2;255;255;255m⣲⠊⣀⡠[38;2;255;110;200m[48;2;16;22;28m⠔⠃⠀⠀⠀⠀⠀⠀⠀⠀[38;2;225;225;225m⡇[48;2;34;119;136m⠀[48;2;119;170;85m⠀⠀⠀⠀⠀[48;2;16;22;28m⠀⠀[38;2;190;190;190m⢸[38;2;170;215;255m⢸⠀⠀⠀⠀[38;2;255;110;200m[48;2;109;31;112m⡇⠀⠀⠀⠀⠀⣀⠤⡪⠕⠊⠁⠀⠀⠀⠀⠀⠀⠀[38;2;225;225;225m⠉⠉[38;2;255;255;255m⡏[38;2;225;225;225m⢯[38;2;255;255;255m[48;2;16;22;28m⢟⡆⠀⠀⠀⠀⠀⠀⠀⠀⠀[48;2;0;51;102m⠀[38;2;225;225;225m⡠[48;2;16;22;28m⠤[48;2;0;51;102m⠊⠀⠀⠀⠀⠀[48;2;34;119;136m⠀[38;2;255;255;255m⣀⣴⠉[38;2;90;140;90m[48;2;0;51;102m⡤⠏⠀[48;2;34;119;136m⠀[38;2;225;225;225m⢇⠀⠀⠀[48;2;0;51;102m⠀⠀⠀⠀⠀⠀⠀[38;2;170;215;255m[48;2;16;22;28m⢀⣸⠀⠀⠀⠀[38;2;225;225;225m⠈⢆⠀⠀⡎[38;2;90;140;90m⢀⡤⠤⣼⠁⠀⡇⠀⠀⠀⠀⠀⠀⠀⠀⠀⠀⠀⠀⠀⠀⠀⠀[0m
[38;2;255;255;255m[48;2;109;31;112m⠀⠀⠀⠀⢀⠟⠀⠀⠀⠀⠀⠀⠀⠀⠀⠀⠀⠀⢈[38;2;225;225;225m⡝⠯[38;2;255;110;200m⣞[38;2;255;255;255m[48;2;59;108;132m⡳[48;2;34;119;136m⠟⠒⠉⠀⠀⠀[48;2;0;51;102m⠀[48;2;16;22;28m⠀⠀⠀⠀⠀⠀⠀⠀[38;2;225;225;225m⠸⡀⠀⠀⠀⠀⠀⠀⠀[38;2;190;190;190m⢸[38;2;170;215;255m⠈⡆⠀⠀⠀[38;2;255;110;200m[48;2;109;31;112m⢱⠀⢀⡠⢔⡪⠒⠉⠀⠀⠀⠀⠀⠀⠀⠀⠀⠀⠀⠀⠀[38;2;255;255;255m⣈⡺⡮[38;2;255;110;200m[48;2;16;22;28m⡗[38;2;225;225;225m⠒⠒⠲⠖⠒⠒⠉⠉⠉⠉⠀⠀⠀⠀[38;2;90;140;90m[48;2;0;51;102m⢀⡀⠀⢀⣼⡂⣠⣔[38;2;255;255;255m[48;2;34;119;136m⣿[48;2;0;51;102m⠀⠀⠀[38;2;225;225;225m⠈[48;2;16;22;28m⣆⠀⠀⠀⠀⠀⠀⠀⠀⠀[38;2;170;215;255m⠣⡀⠀⠀⠀⠀⠀[38;2;225;225;225m⠘⠤⣸⠀[38;2;90;140;90m⢳⡀⣀⣤⢠⣞⠁⠀⠀⠀⠀⠀⠀⠀⠀⠀⠀⠀⠀⠀⠀⠀⠀[0m
[38;2;255;255;255m[48;2;109;31;112m⠀⠀⠀⢀⠎⠀⠀⠀⠀⠀⠀⠀⠀⠀⠀⠀[38;2;255;110;200m⣀⡠[48;2;16;22;28m⠔⡗⠉⠀[48;2;34;119;136m⠀⠀⠀⠀⠀⠀⠀⠀[48;2;0;51;102m⠀[48;2;16;22;28m⠀⠀⠀⠀⠀⠀⠀⠀[38;2;225;225;225m⡇⠀⠀⠀⠀⠀⠀⠀[38;2;190;190;190m⡎[38;2;170;215;255m⠰⠣⡀⠀[38;2;255;110;200m⢀[48;2;109;31;112m⢼[38;2;0;0;0m[48;2;205;154;60m⣒⠥⠊⠁[48;2;117;154;91m⠀⠀[48;2;109;31;112m⠀⠀⠀⠀⠀⠀⠀⠀⠀⠀⠀⠀[38;2;225;225;225m⡠⠋⠀⠀⡜[38;2;255;110;200m⠙[48;2;16;22;28m⡵[38;2;225;225;225m⡀⠀⠀[48;2;34;119;136m⠀⠀[48;2;16;22;28m⠀⠀⠀⠀⠀⠀⠀⠀[38;2;90;140;90m⠸⡞⣇⣸⠺⣯⠛⠀⠀⠀⠀⠀⠀[38;2;225;225;225m⠈⢆⠀⠀⠀⠀⠀⠀⠀⠀[38;2;170;215;255m⢀⡱⠀⠀⠀⠀⠀⠀⠀[38;2;225;225;225m⢻⢄[38;2;90;140;90m⠈⠓⠃⠀⠙⠙⠀⠀⠀⠀⠀⠀⠀⠀⠀⠀⠀⠀⠀⠀⠀⠀⠀[0m
[38;2;255;255;255m[48;2;109;31;112m⠀⢀⡴⠁⠀⠀⠀⠀⠀⠀⠀[38;2;255;110;200m⣀⠤[48;2;16;22;28m⠔⠊⠉[38;2;225;225;225m⢀⡠⠔⠁⠀⠀[48;2;0;51;102m⠀⠀[48;2;34;119;136m⠀[48;2;0;51;102m⠀[48;2;34;119;136m⠀⠀[48;2;0;51;102m⠀⠀⠀[48;2;16;22;28m⠀⠀⠀⠀⠀⠀⠀⢠⠃⠀⠀⠀⠀⠀⠀⠀[38;2;0;0;0m[48;2;119;170;85m⡇[48;2;221;170;34m⠀⡰[48;2;205;154;60m⠵[48;2;235;201;118m⢎⡁[48;2;205;154;60m⠈⠀⠀⠀⠀⠀⠀⠀⠀[48;2;117;154;91m⠀⠀[48;2;109;31;112m⠀⠀⠀⠀⠀⠀[38;2;225;225;225m⢀⠔⠁⠀⠀⡰⠁⠀[38;2;255;110;200m⠸[48;2;16;22;28m⡱[38;2;225;225;225m⡀⠀[48;2;34;119;136m⠀⠀[48;2;16;22;28m⠀⠀⠀[48;2;0;51;102m⠀[48;2;16;22;28m⠀⠀⠀[38;2;90;140;90m⠘⣏⡟⠉⠉⠉⠉⠀⠀⠀⠀⠀⠀⠀⠀[38;2;225;225;225m⢸⠀⠀⠀⠀⠀⠀⠀[38;2;120;160;200m[48;2;24;44;72m⢿[38;2;170;215;255m[48;2;16;22;28m⣮[38;2;120;160;200m⡀⠀⠀⠀⠀⠀⠀[48;2;0;51;102m⠀[38;2;225;225;225m[48;2;16;22;28m⠘⡌⠒⠤⡄⠀⠀⠀⠀⠀⠀⠀⠀⠀⠀⠀⠀⠀⠀⠀⠀⠀⠀⠀⠀[0m
[38;2;255;255;255m[48;2;109;31;112m⡠⠇⠀⠀⠀⠀[38;2;255;110;200m⣀⠤[48;2;16;22;28m⠔⠊⠉⠀⠀⠀⠀[38;2;225;225;225m⢠⠊⠀⠀⠀⠀⠀[48;2;0;51;102m⠀⠀⠀⠀⠀⠀⠀[48;2;16;22;28m⠀⠀⠀⠀⠀⠀⠀⠀⠀⢸⠀⠀⠀⠀⠀[48;2;0;51;102m⠀[38;2;255;255;255m[48;2;34;119;136m⢀[38;2;0;0;0m[48;2;205;154;60m⢤⡗[48;2;235;201;118m⠉⠀⠀⡞⡂⠀⠀⠀⠀⠀⠀⠀[48;2;205;154;60m⠀⠀⠀⠀⠀[48;2;117;154;91m⠀⠀⠀[48;2;59;108;132m⠀[38;2;225;225;225m⡔⠁⠀⠀⠀⢰[48;2;109;31;112m⠁⠀[38;2;90;140;90m[48;2;49;48;104m⢀⢀[38;2;255;255;255m[48;2;59;108;132m⡱[48;2;34;119;136m⣯[38;2;90;140;90m[48;2;16;22;28m⠶[38;2;225;225;225m[48;2;0;51;102m⠶[48;2;34;119;136m⣶[48;2;16;22;28m⣤⣀⠤⡀⠀⠀⠀⠀[38;2;90;140;90m⠉⠀⠀⠀⠀⠀⠀⠀⠀⠀⠀⠀⠀⠀[38;2;225;225;225m⠈⢆⠀⠀⠀⠀⠀⠀[38;2;170;215;255m⣽[38;2;120;160;200m⡍⠀⠀⠀⠀⠀⠀⠀⠀⠀[38;2;225;225;225m⠱⡀⠀⠘⠤⡀⠀⠀⠀⠀⠀⠀⠀⠀⠀⠀⠀⠀⠀⠀⠀⠀⠀⠀[0m
[38;2;255;110;200m[48;2;16;22;28m⠑⠒[48;2;109;31;112m⠤[48;2;16;22;28m⠔⠊⠉⠀⠀⠀⠀⠀⠀[38;2;225;225;225m⣀⡤⠒⠁⠀⠀⠀⠀⠀⠀⠀⠀⠀⠀⠀⠀⠀⠀⠀⠀⠀⠀⠀⠀[38;2;255;110;200mTornado[38;2;255;255;255m[48;2;109;31;112m Warning[38;2;0;0;0m[48;2;235;201;118m⠈⠈[48;2;205;154;60m⡇[48;2;235;201;118m⠀⠀⠀⠀⠀⠀[48;2;205;154;60m⠀⠀⠀⠀⠀⠀[48;2;117;154;91m⠀⡤[38;2;225;225;225m[48;2;59;108;132m⠊⠀⠀⠀⠀⢰⠁[38;2;255;255;255m⢀⣀⣯[48;2;34;119;136m⠝⠋⠁⠀⠀⠀⠀⢉[38;2;90;140;90m[48;2;16;22;28m⡿[38;2;225;225;225m⠈⠦⠤⡀⠀⠀⠀⠀⠀⠀⠀⠀⠀⠀⠀⠀⠀⠀⠀⠀⠈⡆⠀⠀⠀⠀⠀[38;2;170;215;255m⣸[38;2;120;160;200m⣦⡇⠀⠀⠀[48;2;0;51;102m⠀⠀[48;2;34;119;136m⠀⠀[48;2;16;22;28m⠀⠀[38;2;225;225;225m⡸⠀⠀⠀⠈⠢⣀⠀⠀⠀⠀⠀⠀⠀⠀⠀⠀⠀⠀⠀⠀⠀⠀[0m
[38;2;255;255;255m[48;2;16;22;28m⠀⠀⠀⠀⠀⠀⠀⠀⠀⠀[38;2;225;225;225m⡠⠊⠀⠀⠀⠀⠀⠀⠀⠀⠀⠀⠀⠀⠀⠀⠀⠀⠀⠀⠀⠀⠀⠀⠀⠀[48;2;34;119;136m⠀⠀[38;2;0;0;0m[48;2;119;170;85m⠈⢆⣤[38;2;255;255;255m[48;2;59;108;132m⣊[38;2;0;0;0m[48;2;117;154;91m⣁⣀⠀[48;2;235;201;118m⠀⣼⠇⠀⠀⠀⢀[48;2;205;154;60m⣀⡜⠀⠀[48;2;235;201;118m⠀⠀⠀⠀[48;2;205;154;60m⠀⠀⠀⠀⢠⠖[48;2;117;154;91m⡻[38;2;225;225;225m[48;2;59;108;132m⠁⠀⠀[38;2;255;255;255m⢀⡠[48;2;34;119;136m⠤⡞⠊⠁⠀⡿⠅⠀⠀⠀⠀⠀⠠⠯⡄[48;2;0;51;102m⠀[48;2;16;22;28m⠀⠀[38;2;225;225;225m⠉⠒⠒⠤⢄⡀⠀⠀⠀⠀⠀⠀⠀⠀⠀⠀⠀⠀⠘⡄⠀⠀⠀⠀[38;2;170;215;255m⢸[38;2;120;160;200m⠁⠀⠀⠀⠀⠀⠀⠀⠀⠀[48;2;34;119;136m⠀[38;2;225;225;225m⡕[48;2;16;22;28m⠀⠀⠀⠀⠀⠀⠉⠢⡀⠀⠀⠀[38;2;120;160;200m⢀⡀⠀⠀⠀⠀⠀⠀⠀⠀[0m
[38;2;255;255;255m[48;2;16;22;28m⠀⠀⠀⠀⠀⠀⠀[38;2;225;225;225m⢀⡠⠜⠁⠀⠀⠀⠀⠀⠀⠀⠀⠀⠀⠀⠀⠀⠀⠀⠀⠀⠀⠀⠀⠀⠀⠀⠀⠀⠀[48;2;0;51;102m⠀[48;2;119;170;85m⠀[38;2;0;0;0m⢀[48;2;235;201;118m⢿⡀⠀⠈⠉⠉⣿⠀⠀[48;2;205;154;60m⠀⠀⠈⢱⠀⠀⠀⠀⠀⠀⠀⠀⠀⢀⡤[48;2;117;154;91m⢫⣊[38;2;255;255;255m[48;2;59;108;132m⡠[48;2;34;119;136m⠔⠒⠉⠁⠀⠀[38;2;225;225;225m⢇⡀⠀⠀[38;2;255;255;255m⠉⢳⡀⠀⠀⠀⠀⡀⢠⡗⠀[48;2;16;22;28m⠀⠀⠀⠀[38;2;90;140;90m⠰⢿⠓⢾⢶[38;2;225;225;225m⡆⠀⠀⠀⠀⠀⠀⠀⠀⠀⠀⠀⠈⢢⠀⠀⠀⠀[38;2;170;215;255m⢳[38;2;255;255;255m[48;2;34;119;136m⡤⠤⠤[38;2;90;140;90m[48;2;0;51;102m⠤[48;2;16;22;28m⠤⢄⠀⠀[48;2;0;51;102m⠀[38;2;225;225;225m⢀⠇[48;2;16;22;28m⠀⠀⠀⠀⠀⠀⠀⠀[38;2;120;160;200m⢈⣒[38;2;225;225;225m⢒[38;2;120;160;200m⣿⣏[38;2;225;225;225m⡀⠀⠀⠀⠀⠀⠀⠀⠀[0m
[38;2;255;255;255m[48;2;16;22;28m⠀⠀⠀⠀⠀[38;2;225;225;225m⡔⠊⠁⠀⠀⠀⠀⠀⠀⠀⠀⠀⠀⠀⠀⠀⠀⠀[38;2;90;140;90m⢀⡤⠖⡆⠀⠀⠀⠀⠀⠀⠀⠀⠀[48;2;119;170;85m⠀⠀[38;2;0;0;0m[48;2;205;154;60m⡠[48;2;235;201;118m⠊⠀⢳⡀⠀⠀⠀⡇[48;2;205;154;60m⠀⠀⠀⠀⠀⢈⡢⠀⠀⠀[48;2;117;154;91m⠀[48;2;205;154;60m⠀⢀⣀⡤[48;2;119;170;85m⠞⢊[38;2;255;255;255m[48;2;34;119;136m⡏⠀⠀⠀⠀[48;2;0;51;102m⠀⠀⠀[48;2;34;119;136m⠀⠀[38;2;225;225;225m⡇⠀⠀⠀⠀[38;2;255;255;255m⠈⠓⡦⠤⣴⣷⠀⠧[38;2;90;140;90m[48;2;0;51;102m⡄[48;2;16;22;28m⠀⠀⠀⠀⠈⠛⠛⠉⠛⠛[38;2;225;225;225m⡄⠀⠀⠀⠀⠀⠀⠀⠀⠀⠀⠀⠀⢣⠀⠀⠀[48;2;34;119;136m⠀[38;2;0;0;0m[48;2;119;170;85m⢙⠷⢦[38;2;255;255;255m[48;2;34;119;136m⣄⣤[38;2;90;140;90m[48;2;0;51;102m⠵⠀[48;2;16;22;28m⠀⠀[38;2;225;225;225m⢸⠀⠀⠀⠀⠀⠀⠀⠀⠀[38;2;120;160;200m⠈⣽[48;2;24;44;72m⣿⣯[48;2;16;22;28m⣶⣯[38;2;225;225;225m⠓⢄⡀⠀⠀⠀⠀⠀[0m
[38;2;255;255;255m[48;2;16;22;28m⠀⠀⠀[38;2;225;225;225m⢀⠜⠀⠀⠀⠀[38;2;170;215;255m⢀⡤⡯[38;2;90;140;90m⡍[38;2;170;215;255m⠉⢹⡋⠀⠀⠀⠀⠀⠀⠀[38;2;90;140;90m⠈⠛⠷⡇⠀⠀⠀⠀⠀⠀⠀⠀[48;2;0;51;102m⠀[48;2;119;170;85m⠀[38;2;0;0;0m[48;2;235;201;118m⡔⠁⠀⠀⠀⢱⠀⠀⢠⡇[48;2;205;154;60m⠀⠀⠀⠀⠀⠈⠉⢉⣦[48;2;117;154;91m⠤[48;2;119;170;85m⡒⢊[38;2;255;255;255m[48;2;34;119;136m⠕[38;2;225;225;225m⠉⠀⠀⡰⠁⠀⠀⠀[48;2;16;22;28m⠀⠀⠀[48;2;0;51;102m⠀[48;2;34;119;136m⠀⠀⢸⠀⠀⠀⠀⠀⠀⠀⠀⠀[38;2;255;255;255m⠈[38;2;90;140;90m[48;2;0;51;102m⠉⠉⠁[48;2;16;22;28m⣶⣫⠷⣄⠀⠀⠀⢀⣠⣤⣬⢦[38;2;225;225;225m⡀⠀⠀⠀⠀⠀⠀⠀⠀⠀⠀⠀⢣⠀[48;2;0;51;102m⠀⠀⠀[38;2;170;215;255m[48;2;34;119;136m⠷[38;2;255;255;255m⣘⠋[48;2;16;22;28m⠀[48;2;0;51;102m⠀⠀[48;2;16;22;28m⠀⠀[38;2;225;225;225m⡜⠀⠀⠀⠀⠀⠀[38;2;120;160;200m⣀⣿⣴⠀⢫[48;2;24;44;72m⣿⣡[48;2;16;22;28m⣿[48;2;24;44;72m⣿[48;2;16;22;28m⣦⠀[38;2;225;225;225m⠈⠒⢄⡀⠀⠀[0m
[38;2;225;225;225m[48;2;16;22;28m⣀⠴⠒⠁⠀⠀[38;2;170;215;255m⡴⠒⠒⠋⠀[38;2;90;140;90m⠸⠟⠙⠒⠋⠀⠀⠀⠀⠀⠀⠀⠀⠀⠀⠀⠀⠀⠀⠀⠀⠀⠀[48;2;0;51;102m⠀[38;2;0;0;0m[48;2;119;170;85m⢀[48;2;117;154;91m⡎[48;2;235;201;118m⠀⠀⠀⠀⠀⡜⠀[48;2;205;154;60m⠀⢸⠀⠀⠀⣀⡠[48;2;221;170;34m⠔⠒[48;2;119;170;85m⠉⠁⢸⢹[38;2;225;225;225m[48;2;34;119;136m⠒⠁⠀⠀⠀⢰⠁⠀⠀⠀⠀[48;2;16;22;28m⠀⠀⠀⠀⠀[48;2;0;51;102m⠀⠀⡇⠀⠀⠀⠀⠀⠀[48;2;34;119;136m⠀[48;2;0;51;102m⠀⠀[48;2;16;22;28m⠀⠀⠀[38;2;90;140;90m⠁⠈⠛⠃⠀⢠⣼⣟⡀⠀⠀⢸[38;2;225;225;225m⠉⢆⡀⠀⠀⠀⠀⠀⠀⠀⠀⠀⠘⣧⠀⠀⠀⠀[38;2;170;215;255m[48;2;34;119;136m⠘[38;2;0;0;0m[48;2;119;170;85m⢤⡀[48;2;34;119;136m⠀[48;2;16;22;28m⠀⠀⠀[38;2;225;225;225m⡕⠀⠀⠀⠀⠀⠀[38;2;120;160;200m⠜⢛[48;2;24;44;72m⣿[48;2;16;22;28m⣧⡸[48;2;24;44;72m⣽⣻⣼[48;2;16;22;28m⣿⡇⠀⠀⠀⠀[38;2;225;225;225m⠈⠑⢄[0m
[38;2;200;200;200m[48;2;16;22;28m├──────────────────────────────────────┤[48;2;109;31;112m 100 [48;2;16;22;28mkm[38;2;0;0;0m[48;2;221;170;34m⠊⠉⠀⠀⠀⠀[48;2;119;170;85m⠀⢀⠜[38;2;170;215;255m[48;2;34;119;136m⡣⠀⠀⠀⠀⠀[38;2;225;225;225m⠘⡄⠀⠀⠀⠀[48;2;16;22;28m⠀⠀⠀⠀⠀⠀⢰[48;2;0;51;102m⠁⠀[48;2;16;22;28m⠀⠀⠀⠀⠀⠀⠀⠀⠀⠀⠀⠀⠀⠀⠀⠀[38;2;90;140;90m⢸⣼⢭⢡[38;2;160;160;160mOpenFreeMap (c) OpenMapTiles Data from[48;2;24;44;72m Op[48;2;16;22;28menStreetMap[0m
