Specimen 31b-found-labelled · PARTIAL, DRAWN AS FOUND, LABELLED: four zones drawn, the label says 4 of 5 · 149x38 · truecolor · live NWS Flood Watch (Severe), 5 West Texas zones, Davis Mountains' shape withheld to make it partial · Fort Davis (inside Davis Mountains) marked
[38;2;90;140;90m[48;2;16;22;28m⠣⡄⠀⠀⠀⠀⠀⠀⠀⠀⠀⠀⠀⠀[38;2;255;255;255m⠈⠢[38;2;225;225;225m⡑⢄⡀⠀⠀⠀⣀⣀⣀⠔⠢⣀⠀⠀⠀⠀⠀⠀⠀⠀⠀⠀⠀⠀⠀⠀⠀⠀⠀[38;2;90;140;90m⠁⠀⠀⠀⠀⠀⠀⠀⠀⠀⠀⠀⠀[38;2;255;128;80m[48;2;112;36;28m⢣⠀⠀⠀⠀⠀⠀⠉⠉⠉⠉⠉⠉⠉⠑[48;2;16;22;28m⢄⠀⠀⠀[38;2;225;225;225m⢀⠔⠁⠀⠀⠀⠀⠀⠀⠀⠀⠀⠀⠀⠀⠀⠀⠀⠀⠀⠑⡄⠀⠀⠀⠀⠀⠀⠀⠀⠀⠀⠀⠀⠀⠀⠀⠀⠀⠀⠀⠀⠀⠀⠀⠀⠀⠀[38;2;170;215;255m⠙⠲⡄⠀⠀[38;2;225;225;225m⠘⡆⠀⠀⠀⠀⠀⠀⠀⠀⠀⣀⠤⠒⠉⠉⠉⠉⠉[0m
[38;2;90;140;90m[48;2;16;22;28m⣄⣸⠀⠀⠀⠀⠀⠀⠀⠀⠀⠀⠀⠀⠀⠀[38;2;255;255;255m⠘⠒⣌[38;2;225;225;225m⠑⠒⠊⠀⠀⠀⠀⠀⠀⠉⠑⠒⠒⠢⢄⣀⠀⠀⠀⠀⠀⠀⠀⠀⠀⠀⠀⠀⠀⠀⠀⠀⠀⠀⠀⠀⠀⠀⠀⠀[38;2;255;128;80m[48;2;112;36;28m⢣⠀⠀⠀⠀⠀⠀⠀⠀⠀⠀⠀⠀⠀⠀⠑[48;2;16;22;28m⢢⡔[38;2;225;225;225m⠁⠀⠀⠀⠀⠀⠀⠀⠀⠀⠀⠀⠀⠀⠀⠀⠀⠀⠀⠀⠀⠘⢄⠀⠀⠀⠀⠀⠀⠀⠀⠀⠀⠀⠀⠀⠀⠀⠀⠀⠀⠀⠀⠀⠀⠀⠀⠀⠀⠀[38;2;170;215;255m⣻⠀⠀⠀[38;2;225;225;225m⠈⠓⢤⣀⡠⠤⠤⠤⠔⠊⠀⠀⠀⠀⠀⠀⠀⠀[0m
[38;2;90;140;90m[48;2;16;22;28m⠸⠥⠇⠀⠀⠀⠀⠀⠀⠀⠀⠀⠀⠀⠀⠀⠀⠀⠀[38;2;255;255;255m⠉⢲⢄⠀⠀⠀⠀⠀⠀⠀⠀⠀⠀⠀⠀⠀[38;2;225;225;225m⠉⠑⠢⠤⣀⣀⠀⠀⠀⠀⠀⠀⠀⠀⠀⠀⠀⠀⠀⠀⠀⠀⠀⠀⠀[38;2;255;128;80m[48;2;112;36;28m⢣⠀⠀⠀⠀⠀⠀⠀⠀⠀⠀⠀⠀[38;2;225;225;225m⣠⡋⠁[38;2;255;128;80m⠈[48;2;16;22;28m⢢⠀⠀⠀⠀⠀⠀⠀⠀⠀⠀⠀⠀⠀⠀⠀⠀⠀⠀⠀⠀⠀[38;2;225;225;225m⠈⠢⡀⠀⠀⠀⠀⠀⠀⠀⠀⠀⠀⠀⠀⠀⠀⠀⠀⠀⠀⠀⠀⠀⠀⠀⠀⠀[38;2;170;215;255m⠱⣀⠀[38;2;225;225;225m⣀⠤⠒⠊⠁⠀⠀⠀⠀⠀⠀⠀⠀⠀⠀⠀⠀⠀⠀[0m
[38;2;255;255;255m[48;2;16;22;28m⠀⠀⠀⠀⠀⠀⠀⠀⠀⠀⠀⠀⠀⠀⠀⠀⠀⠀⠀⠀⠀⠀⢣⠀⠀⠀⠀⠀⠀⠀⠀⠀⠀⠀⠀⠀⠀⠀⠀⠀⠀[38;2;225;225;225m⠉⠒⠲⢤⣀⣀⣀⣀⣀⣀⣀⣀⣀⠤⠤⠤⠒⠒⠚⠉[38;2;255;128;80m[48;2;112;36;28m⢏[38;2;225;225;225m⠓⠒⠒⠒⠒⠒⠒⠒⠒[38;2;255;128;80m⢉⠭⡅[38;2;225;225;225m⠙⠓⠤⣀[38;2;255;128;80m[48;2;16;22;28m⢣⠀⠀⠀⠀⠀⠀⠀⠀⠀⠀⠀⠀⠀⠀⠀⠀⠀⠀⠀⠀⠀⠀[38;2;225;225;225m⠈⠑⢄⠀⠀⠀⠀⠀⠀⠀⠀⠀⠀⠀⠀⠀⠀⠀⠀⠀⠀⠀⠀⠀⠀⠀⡠⠔⠋[38;2;170;215;255m⠓⢦⣀⡀⠀⠀⠀⠀⠀⠀⠀⠀⠀⠀⠀⠀⠀⠀⠀[0m
[38;2;255;255;255m[48;2;16;22;28m⠀⠀⠀⠀⠀⠀⠀⠀⠀⠀⠀⠀⠀⠀⠀⠀⠀⠀⠀⠀⠀⠀⠈⢢⡀⠀⠀⠀⠀⠀⠀⠀⠀⠀⠀⠀⠀⠀⠀⠀⠀⠀⠀⠀⠀⠀⠀[38;2;225;225;225m⠘⡄⠀⠀⠀⠀⠀⠀⠀⠀⠀⠀⠀⠀[38;2;255;128;80m[48;2;112;36;28m⢸⠀⢀⡠⢄⣀⡀⠀⠀⠀[48;2;16;22;28m⡸⠁[48;2;112;36;28m⣺⡀⠀⠀⠀⠉[48;2;16;22;28m⡖[38;2;225;225;225m⠤⠔⠒⠒⠤⠤⠤⣀⣀⠀⠀⠀⠀⠀⠀⠀⠀⠀⠀⠀⠀⠀⠀⠀⠉⠒⢄⡀⠀⠀⠀⠀⠀⠀⠀⠀⠀⠀⠀⠀⠀⠀⠀⢀⡠⠒⠉⠀⠀⠀⠀⠀⠀[38;2;170;215;255m⠈⠉⠷⠤⢄⣄⣤⢤⣀⡀⠀⠀⠀⠀⠀⠀[0m
[38;2;255;255;255m[48;2;16;22;28m⠀⠀⠀⠀⠀⠀⠀⠀⠀⠀⠀⠀⠀⠀⠀⠀⠀⠀⠀⠀⠀⠀⠀⠀⠈⠲⣀⠀⠀⠀⠀⠀⠀⠀⠀⠀⠀⠀⠀⠀⠀⠀⠀⠀⠀⠀⠀⠀[38;2;225;225;225m⢣⠀⠀⠀⠀⠀⠀⠀⠀⠀⠀⠀⠀[38;2;255;128;80m⣀[48;2;112;36;28m⡧[48;2;16;22;28m⠜⠀⠘⠀⠈[48;2;112;36;28m⢳[48;2;16;22;28m⠔⣯⠀⠀[48;2;112;36;28m⢼⡄⠀⠀⠀⠀⠘[48;2;16;22;28m⡄⠀⠀⠀⠀⠀⠀⠀⠀[38;2;225;225;225m⠉⠉⠑⠒⠒⠢⠤⠤⣀⣀⣀⣀⠀⠀⠀⠀⠀⠀⠈⠢⣀⠀⠀⠀⠀⠀⠀⠀⠀⠀⠀⠀⢀⠎⠁⠀⠀⠀⠀⠀⠀⠀⠀⠀⠀⠀⠀⠀⠀⠀⠀⠀[38;2;170;215;255m⠁⠈⠶⣄⠀⠀⠀⠀[0m
[38;2;255;255;255m[48;2;16;22;28m⠀⠀⠀⠀⠀⠀⠀⠀⠀⠀⠀⠀⠀⠀⠀⠀⠀⠀⠀⠀⠀⠀⠀⠀⠀⠀⠈⠓⢤⠀⠀⠀⠀⠀⠀⠀⠀⠀⠀⠀⠀⠀⠀⠀⠀⠀⠀⠀[38;2;225;225;225m⠘⡄⠀⠀⠀⠀⠀⠀⠀⠀[38;2;255;128;80m⣀[48;2;112;36;28m⠔⠊⢸[48;2;16;22;28m⡥⠀⠀⠀⠀⠀⠈⠀⠈⠀⠀⠉[48;2;112;36;28m⣣⡴⡀⠀⠀⠀⠈⠑[48;2;16;22;28m⢄⡀⠀⠀⠀⠀⠀⠀⠀⠀⠀⠀⠀⠀⠀⠀⠀⠀⠀[38;2;225;225;225m⠉⠉⠉⠒⠒[38;2;255;255;255mFort Stockton[38;2;225;225;225m⡀⣀⠎⠀⠀⠀⠀⣀⣀⠤⠤⢄⣀⡠⠤⠤⠤⢄⡀⠀⠀⠀⠀⠀⠀[38;2;170;215;255m⠈⣝⠀⠀⠀[0m
[38;2;255;255;255m[48;2;16;22;28m⠀⠀⠀⠀⠀⠀⠀⠀⠀⠀⠀⠀⠀⠀⠀⠀⠀⠀⠀⠀⠀⠀⠀⠀⠀⠀⠀⠀⠐⠧⢤⣀⡀⠀⠀⠀⠀⠀⠀⠀⠀⠀⠀⠀⠀⠀⠀⠀⠀[38;2;225;225;225m⠱⡀⠀⠀⠀⠀[38;2;255;128;80m⣀[48;2;112;36;28m⠔⠊⠀⠀⠀⠀⠛[48;2;16;22;28m⢦⡀⠀⠀⠀⠀⠀⠀⠀⠀⠀⠈⠴⠳[48;2;112;36;28m⢲⡄⠀⠀⠀⠀⠈⠢[48;2;16;22;28m⢄⠀⠀⠀⠀⠀⠀⠀⠀⠀⠀⠀⠀⠀⠀⠀⠀⠀⠀[38;2;225;225;225m⡠⠒⠁⠀⠀⠀⠀⠀⠀⢇⠀⠀⠀⠀⠀⠈⠉⠑⠒⠒⠊⠉⠀⠀⠀⠀⠀⠀⠀⠀⠀⠀⠀⠈⠑⠢⢄⡀⠀⠀⠀⠀[38;2;170;215;255m⢱⠀⠀[0m
[38;2;255;255;255m[48;2;16;22;28m⠀⠀⠀⠀⠀⠀⠀⠀⠀⠀⠀⠀⠀⠀⠀⠀⠀⠀⠀⠀⠀⠀⠀⠀⠀⠀⠀⠀⠀⠀⠀⠘⠋⠦⠲⣦⣀⠀⠀⠀⠀⠀⠀⠀[38;2;255;128;80m⢀⡀⠀⠀⠀⠀[38;2;225;225;225m⢣⠀[38;2;255;128;80m⡠[48;2;112;36;28m⠔⠉⠀⠀⠀⠀⠀⠀⠀⠠[48;2;16;22;28m⡼⠋⠀⠀⠀⠀⠀⠀⠀⠀⠀⠀⠀⠈⢝[48;2;112;36;28m⣤⠀⠀⣀⣦⡀⠀⠀⠑⠢[48;2;16;22;28m⡀⠀⠀⠀⠀⠀⠀⠀⠀⠀⠀⠀⠀⠀⠀[38;2;225;225;225m⡰⠁⠀⠀⠀⠀⠀⠀⠀⠀⠈⢢⠀⠀⠀⠀⠀⠀⠀⠀⠀⠀⠀⠀⠀⠀⠀⠀⠀⠀⠀⠀⠀⠀⠀⠀⠀⠀⠑⠢⡀⠀⠀[38;2;170;215;255m⢀⡇⠀[0m
[38;2;255;255;255m[48;2;16;22;28m⠀⠀⠀⠀⠀⠀⠀⠀⠀⠀⠀⠀⠀⠀⠀⠀⠀⠀⠀⠀⠀⠀⠀⠀⠀⠀⠀⠀⠀⠀⠀⠀⠀⠀⠀⠀⠙⠣⣦⠀⠀⠀⠀⠀[38;2;255;128;80m⢸⢻⠂⠀⠀⡠[48;2;112;36;28m⠔⠙[38;2;225;225;225m⢄⠀⠀⠀⠀⠀⠀⠀⠀⠀[38;2;255;128;80m[48;2;16;22;28m⢎⠁⠀⠀⠀⠀Flood Watch[38;2;255;255;255m[48;2;112;36;28m [38;2;255;128;80m[48;2;16;22;28m(4[38;2;255;255;255m[48;2;112;36;28m of 5 zo[38;2;255;128;80m[48;2;16;22;28mnes)⠀⠀⠀⠀⠀⠀⠀[38;2;225;225;225m⢀⠔⠁⠀⠀⠀⠀⠀⠀⠀⠀⠀⠀⠀⠑⡄⠀⠀⠀⠀⠀⠀⠀⠀⠀⠀⠀⠀⠀⠀⠀⠀⠀⠀⠀⠀⠀⠀⠀⠀⠀⠀⠈⠒⠤⠬[38;2;170;215;255m⡲⡀[0m
[38;2;255;255;255m[48;2;16;22;28m⠀⠀⠀⠀⠀⠀⠀⠀⠀⠀⠀⠀⠀⠀⠀⠀⠀⠀⠀⠀⠀⠀⠀⠀⠀⠀⠀⠀⠀⠀⠀⠀⠀⠀⠀⠀⠀⠀⠈⠓⣦⣠⡀⠀[38;2;255;128;80m⢸⠨⣧[48;2;112;36;28m⢔[48;2;16;22;28m⣽[48;2;112;36;28m⣇⠀⠀⠀[38;2;225;225;225m⠑⢄⡀⠀⠀⠀⠀⠀[38;2;255;128;80m⠘[48;2;16;22;28m⡭⠀⠀⠀⠀⠀⠀⠀⠀⠀⠀⠀⠀⠀⠀⠀⠀⠀⠀⠸[48;2;112;36;28m⢵[48;2;16;22;28m⡃⠀[48;2;112;36;28m⢧⡂⠀⠀⠀⠀⠈⠢[48;2;16;22;28m⡀⠀⠀⠀⠀⠀⠀[38;2;225;225;225m⡠⠊⠀⠀⠀⠀⠀⠀⠀⠀⠀⠀⠀⠀⠀⠀⠈⠒⢄⠀⠀⠀⠀⠀⠀⠀⠀⠀⠀⠀⠀⠀⠀⠀⠀⠀⠀⠀⠀⠀⠀⠀⠀⠀⠀⠀⠀[38;2;170;215;255m⠘⠯[0m
[38;2;255;255;255m[48;2;16;22;28m⠀⠀⠀⠀⠀⠀⠀⠀⠀⠀⠀⠀⠀⠀⠀⠀⠀⠀⠀⠀⠀⠀⠀⠀⠀⠀⠀⠀⠀⠀⠀⠀⠀⠀⠀⠀⠀⠀⠀⠀⠀⠀[38;2;255;128;80m⢸⠔⠊⠀⠈⠋⠀⠙⠑[48;2;112;36;28m⡆⠀⠀⠀[38;2;225;225;225m⠈⠢⡀⠀⠀⠀[38;2;255;128;80m⠰[48;2;16;22;28m⡇⠀⠀⠀⠀⠀⠀⠀⠀⠀⠀⠀⠀⠀⠀⠀[38;2;255;255;255m⣀⡀⠀⠀⠀[38;2;255;128;80m⢁⣄[48;2;112;36;28m⠤⠃⠀⠀⠀⠀⠀⠀⠈⠑[48;2;16;22;28m⢄⠀⠀⠀[38;2;225;225;225m⡰⠁⠀⠀⠀⠀⠀⠀⠀⠀⠀⠀⠀⠀⠀⠀⠀⠀⠀⠀⢣⠀⠀⠀⠀⠀⠀⠀⠀⠀⠀⠀⠀⠀⠀⠀⠀⠀⠀⠀⠀⠀⠀⠀⠀⠀⠀⠀⠀⠀[0m
[38;2;255;255;255m[48;2;16;22;28m⠀⠀⠀⠀⠀⠀⠀⠀⠀⠀⠀⠀⠀⠀⠀⠀⠀⠀⠀⠀⠀⠀⠀⠀⠀⠀⠀⠀⠀⠀⠀⠀⠀⠀⠀⠀⠀⠀⠀⠀⠀⠀⠀[38;2;255;128;80m⠉⠲⣄⠀⠀⠀⠀⠐[48;2;112;36;28m⡅⠀⠀⠀⠀⠀[38;2;225;225;225m⠈⠢⡀⠀⠀[38;2;255;128;80m⠸[48;2;16;22;28m⡄⠀⠀⠀⠀⠀⠀⠀⠀⠀⠀⠀⠀⠀[38;2;255;255;255m⡎⠀⠈⡆⠀⠀[38;2;255;128;80m⣛[48;2;112;36;28m⡇⠀⠀⠀⠀⠀⠀⠀⠀⠀⠀⠀⠉[48;2;16;22;28m⡢⡊⠀⠀⠀⠀⠀⠀⠀⠀⠀⠀⠀⠀⠀⠀⠀⠀⠀⠀⠀⠀⠀[38;2;225;225;225m⠉⠢⢄⠀⠀⠀⠀⠀⠀⠀⠀⠀⠀⠀⠀⠀⠀⠀⠀⠀⠀⠀⠀⠀⠀⠀⠀⠀⠀[0m
[38;2;255;255;255m[48;2;16;22;28m⠀⠀⠀⠀⠀⠀⠀⠀⠀⠀⠀⠀⠀⠀⠀⠀⠀⠀⠀⠀⠀⠀⠀⠀⠀⠀⠀⠀⠀⠀⠀⠀⠀⠀⠀⠀⠀⠀⠀⠀⠀⠀⠀⠀⠀[38;2;255;128;80m⢸⡆⠀⠀⠀⠈[48;2;112;36;28m⡷⠀⠀⠀⠀⠀⠀⠀[38;2;225;225;225m⠈⠢⡀⠀[38;2;255;128;80m[48;2;16;22;28m⢱⠀⠀⠀⠀⠀⠀⠀⠀⠀⠀⠀⠀⠀[38;2;255;255;255m⠈⠒⠊[38;2;255;128;80m⢤⡶[48;2;112;36;28m⡍⠀⠀⠀⠀⠀⠀⠀⠀⠀⠀⠀[38;2;225;225;225m⣀⠤⠊⠀[38;2;255;128;80m⠈⠒[48;2;16;22;28m⢄⠀⠀⠀⠀⠀⠀⠀⠀⠀⠀⠀⠀⠀⠀⠀⠀⠀⠀⠀⠀⠀[38;2;225;225;225m⠈⡆⠀⠀⠀⠀⠀⠀⠀⠀⠀⠀⠀⠀⠀⠀⠀⠀⠀⠀⠀⠀⠀⠀⠀⠀⠀[0m
[38;2;255;255;255m[48;2;16;22;28m⠀⠀⠀⠀⠀⠀⠀⠀⠀⠀⠀⠀⠀⠀⠀⠀⠀⠀⠀⠀⠀⠀⠀⠀⠀⠀⠀⠀⠀⠀⠀⠀⠀⠀⠀⠀⠀⠀⠀⠀⠀⠀⠀⠀⠀⠀[38;2;255;128;80m⢷⠀⠀⠀⢘[48;2;112;36;28m⡆⠀⠀⠀⠀⠀⠀⠀⠀⠀[38;2;225;225;225m⠈⠢[38;2;255;128;80m⢌[48;2;16;22;28m⢆⠀⠀⠀⠀⠀⠀⠀⠀⠀⠀⠀⠀⠀⠀⠀⢉⣉[48;2;112;36;28m⡇⠀⠀⠀⠀⠀⠀⠀⠀⠀⠀[38;2;225;225;225m⡜⠀⠀⠀⠀⠀⠀⠀[38;2;255;128;80m⠑[48;2;16;22;28m⠢⡀⠀⠀⠀⠀⠀⠀⠀⠀⠀⠀⠀⠀⠀⠀⠀⠀⠀⠀⠀[38;2;225;225;225m⠑⢄⡀⠀⠀⠀⠀⠀⠀⠀⠀⠀⠀⠀⠀⠀⠀⠀⠀⠀⠀⠀⠀⠀⠀⠀[0m
[38;2;255;255;255m[48;2;16;22;28m⠀⠀⠀⠀⠀⠀⠀⠀⠀⠀⠀⠀⠀⠀⠀⠀⠀⠀⠀⠀⠀⠀⠀⠀⠀⠀⠀⠀⠀⠀⠀⠀⠀⠀⠀⠀⠀⠀⠀⠀⠀⠀⠀⠀⠀⠀[38;2;255;128;80m⠹⡀⠀⠀⠈[48;2;112;36;28m⣿⠄⠀⠀⠀⠀⠀⠀⠀⠀⠀⠀⠀[38;2;225;225;225m⠑[38;2;255;128;80m[48;2;16;22;28m⢧⠀⠀⠀⠀⠀⠀⠀⠀⠀⠀⠀⠀⠀⠀⠙⠑⠿⠹[48;2;112;36;28m⡆⠀⠀⠀⠀⠀⠀[38;2;225;225;225m⢀⠎⠀⠀⠀⠀⠀⠀⠀⠀⠀⠀[38;2;255;128;80m⠈⠢[48;2;16;22;28m⢄⠀⠀⠀⠀⠀⠀⠀⠀⠀⠀⠀⠀⠀⠀⠀⠀⠀⠀⠀[38;2;225;225;225m⠈⢢⠀⠀⠀⠀⠀⠀⠀⠀⠀⠀⠀⠀⠀⠀⠀⠀⠀⠀⠀⠀⠀⠀[0m
[38;2;255;255;255m[48;2;16;22;28m⠀⠀⠀⠀⠀⠀⠀⠀⠀⠀⠀⠀⠀⠀⠀⠀⠀⠀⠀⠀⠀⠀⠀⠀⠀⠀⠀⠀⠀⠀⠀⠀⠀⠀⠀⠀⠀⠀⠀⠀⠀⠀⠀⠀⠀⠀[38;2;255;128;80m⠘⠧⡄⠀⠀⠈[48;2;112;36;28m⢺⠂⠀⠀⠀⠀⠀⠀⠀⠀⠀⠀⠀⠀[48;2;16;22;28m⢳[38;2;225;225;225m⠤⣀⠀⠀⠀⠀⠀[38;2;255;128;80m⡀⢀⠀⠀⠀⠀⠀⠀⢐⡦[48;2;112;36;28m⡇⠀[38;2;225;225;225m⢀⡠[38;2;255;128;80m⢔⣶⣤[38;2;225;225;225m⣊⠀⠀⠀⠀⠀⠀⠀⠀⠀[38;2;255;128;80m⣀⡠⠤[48;2;16;22;28m⠒⠊⠁⠀⠀⠀⠀⠀⠀⠀⠀⠀⠀⠀⠀⠀⠀⠀⠀⠀⠀⠀[38;2;225;225;225m⢠⠃⠀⠀⠀⠀⠀⠀⠀⠀⠀⠀⠀⠀⠀⠀⠀⠀⠀⠀⠀⠀⠀[0m
[38;2;255;255;255m[48;2;16;22;28m⠀⠀⠀⠀⠀⠀⠀⠀⠀⠀⠀⠀⠀⠀⠀⠀⠀⠀⠀⠀⠀⠀⠀⠀⠀⠀⠀⠀⠀⠀⠀⠀⠀⠀⠀⠀⠀⠀⠀⠀⠀⠀⠀⠀⠀⠀⠀⠀[38;2;255;128;80m⠷⣄⠀⠀⠘⢲[48;2;112;36;28m⣤⡀⠀⠀⠀⠀⢠⢠⣄⣄⠀⠀⠈⠑⠒[48;2;16;22;28m⢍⢑⣦⢄[48;2;112;36;28m⡰⣉⣙[48;2;16;22;28m⠄⠀⠀⠀⠀[38;2;225;225;225m⢀⣀[38;2;255;128;80m⡴⠗[48;2;112;36;28m⣎⡁⣀⢘[48;2;16;22;28m⠟⠞⠱[48;2;112;36;28m⣱[38;2;225;225;225m⡀⠀[38;2;255;128;80m⢀⣀⠤[48;2;16;22;28m⠔⠒⠉⠀⠀⠀⠀⠀⠀⠀⠀⠀⠀⠀⠀⠀⠀⠀⠀⠀⠀⠀⠀⠀⠀⠀⠀⠀[38;2;225;225;225m⢨⠂⠀⠀⠀⠀⠀⠀⠀⠀⠀⠀⠀⠀⠀⠀⠀⠀⠀⠀⠀⠀⠀[0m
[38;2;255;255;255m[48;2;16;22;28m⠀⠀⠀⠀⠀⠀⠀⠀⠀⠀⠀⠀⠀⠀⠀⠀⠀⠀⠀⠀⠀⠀⠀⠀⠀⠀⠀⠀⠀⠀⠀⠀⠀⠀⠀⠀⠀⠀⠀⠀⠀⠀⠀⠀⠀⠀⠀⠀⠀[38;2;255;128;80m⠙⣧⠀⠀⠀⠀[48;2;112;36;28m⢳⠀⠀⡀⠀⣸⠟⠛⠹⠦⠤⡀⠀⠀⠀⠙⠉⠁[38;2;225;225;225m⢈⠜[38;2;255;128;80m⠘⠯⢚[48;2;16;22;28m⠦[38;2;225;225;225m⠤⠤⠬⠆⠀⠀[38;2;255;128;80m⠁⠈⠀⠁⠀⠀⠀⠘⠓⢍⠁⠀⠀⠀⠀⠀⠀⠀⠀⠀⠀⠀⠀⠀⠀⠀⠀⠀⠀⠀⠀⠀⠀⠀⠀⠀⠀⠀⠀⠀⠀[38;2;225;225;225m⢀⠇⠀⠀⠀⠀⠀⠀⠀⠀⠀⠀⠀⠀⠀⠀⠀⠀⠀⠀⠀⠀⠀[0m
[38;2;255;255;255m[48;2;16;22;28m⠀⠀⠀⠀⠀⠀⠀⠀⠀⠀⠀⠀⠀⠀⠀⠀⠀⠀⠀⠀⠀⠀⠀⠀⠀⠀⠀⠀⠀⠀⠀⠀⠀⠀⠀⠀⠀⠀⠀⠀⠀⠀⠀⠀⠀⠀⠀⠀⠀⠀⠀[38;2;255;128;80m⢱[38;2;255;255;255m⡀⠀⠀[38;2;255;128;80m⠘[48;2;112;36;28m⣶⡼⠳⡀⡇⠀⠀⠀⠀⠀⠈⣆⠀⠀⠀⠀⠀[38;2;225;225;225m⡎⠀⠀⠀[38;2;255;128;80m⠈⠉[48;2;16;22;28m⢢⡀⠀⠀⠀⠀⠀⠀⠀⠀⠀⠀⠀⠀⠀⠀[38;2;225;225;225m⠑⠢⠤⠤⣀⣀⣀⣀⣀⣀⣀⣀⣀⢄⣀⠀⣀⠀⠀⠀⠀⠀⠀⠀⠀⠀⠀⠀⠀⠀⠀⠈⠢⡀⠀⠀⠀⠀⠀⠀⠀⠀⠀⠀⠀⠀⠀⠀⠀⠀⠀⠀⠀⠀[0m
[38;2;255;255;255m[48;2;16;22;28m⠀⠀⠀⠀⠀⠀⠀⠀⠀⠀⠀⠀⠀⠀⠀⠀⠀⠀⠀⠀⠀⠀⠀⠀⠀⠀⠀⠀⠀⠀⠀⠀⠀⠀⠀⠀⠀⠀⠀⠀⠀⠀⠀⠀⠀⠀⠀⠀⠀⠀⠀⠀[38;2;255;128;80m⣳⠀⠀⣠[48;2;112;36;28m⠏⠀⠀⠛⠀⠀⠀⠀⠀⠀⠀⣻⡁⠀⠀⠀[38;2;225;225;225m⡰⠁⠀⠀⠀⠀⠀[38;2;255;128;80m⠈[48;2;16;22;28m⢣⠀⠀⠀⠀⠀⠀⠀⠀⠀⠀⠀⠀⠀⠀⠀⠀⠀⠀⠀⠀⠀⠀⠀⠀⠀⠀⠀⠀⠀[38;2;225;225;225m⠉⠀⠉⠒⠢⠔⠒⠢⠤⢄⣀⡀⠀⠀⣀⠤⡄⠀⡇⠀⠀⠀⠀⠀⠀⠀⠀⠀⠀⠀⠀⠀⠀⠀⠀⠀⠀⠀⠀[0m
[38;2;255;255;255m[48;2;16;22;28m⠀⠀⠀⠀⠀⠀⠀⠀⠀⠀⠀⠀⠀⠀⠀⠀⠀⠀⠀⠀⠀⠀⠀⠀⠀⠀⠀⠀⠀⠀⠀⠀⠀⠀⠀⠀⠀⠀⠀⠀⠀⠀⠀⠀⠀⠀⠀⠀⠀⠀⠀⠀[38;2;255;128;80m⣏⠀⠀⠳[48;2;112;36;28m⣦⠀⠀⠀⠀⠀⠀⠀⠀⠀⠀⠈⡇⠀[38;2;225;225;225m⣀⠜⠀⠀⠀⠀⠀⠀⠀⠀[38;2;255;128;80m⢸[48;2;16;22;28m⠀⠀⠀⠀⠀⠀⠀⠀⠀⠀⠀⠀⠀⠀⠀⠀⠀⠀⠀⠀⠀⠀⠀⠀⠀⠀⠀⠀⠀⠀⠀⠀⠀⠀⠀⠀⠀⠀⠀⠀[38;2;225;225;225m⠈⠑⠉⠀⠀⠈⠉⠹⢄⠀⠀⠀⠀⠀⠀⠀⠀⠀⠀⠀⠀⠀⠀⠀⠀⠀⠀⠀[0m
[38;2;255;255;255m[48;2;16;22;28m⠀⠀⠀⠀⠀⠀⠀⠀⠀⠀⠀⠀⠀⠀⠀⠀⠀⠀⠀⠀⠀⠀⠀⠀⠀⠀⠀⠀⠀⠀⠀⠀⠀⠀⠀⠀⠀⠀⠀⠀⠀⠀⠀⠀⠀⠀⠀⠀⠀[38;2;255;128;80mFlood W[38;2;255;255;255m[48;2;112;36;28match (4 of 5 zones)⠀⠀⠀[38;2;255;128;80m⣠⢄[48;2;16;22;28m⡰⠁⠀⠀⠀⠀⠀⠀⠀[38;2;90;140;90m⣀⣀⣀⣀⡀⠀⠀⠀⠀⠀⠀⠀⠀⠀⠀⠀⠀⠀⠀⠀⠀⠀⠀⠀⠀⠀⠀⠀⠀⠀⠀⠀⠀⠀⠀⠀⠀⠀⠀⠀[38;2;225;225;225m⠈⠒⠤⠤⢄⣀⣀⣀⠀⠀⠀⠀⠀⠀⠀⠀⠀⠀⠀⠀[0m
[38;2;255;255;255m[48;2;16;22;28m⠀⠀⠀⠀⠀⠀⠀⠀⠀⠀⠀⠀⠀⠀⠀⠀⠀⠀⠀⠀⠀⠀⠀⠀⠀⠀⠀⠀⠀⠀⠀⠀⠀⠀⠀⠀⠀⠀⠀⠀⠀⠀⠀⠀⠀⠀⠀⠀⠀⠀⠀[38;2;255;128;80m⠐⣅⠀⠀⠀[48;2;112;36;28m⢸⠀⠀⠀⠀⢼⠋⠻⠝⠳⣤⠄⣴⢱⠏⠀⠀⠀⠀⠀⠀⠀[48;2;16;22;28m⣿⣁⢄⡀⠀⠀⠀⠀⠀⠀⠀[38;2;90;140;90m⣜⠀⠀⠀⢸⡀⠀⠀⠀⠀⠀⠀⠀⠀⠀⠀⠀⠀⠀⠀⠀⠀⠀⠀⠀⠀⠀⠀⠀⠀⠀⠀⠀⠀⠀⠀⠀⠀⠀⠀⠀⠀⠀⠀⠀⠀⠀⠀[38;2;225;225;225m⠉⠒⠤⢄⠀⠀⠀⠀⠀⠀⠀⠀[0m
[38;2;255;255;255m[48;2;16;22;28m⠀⠀⠀⠀⠀⠀⠀⠀⠀⠀⠀⠀⠀⠀⠀⠀⠀⠀⠀⠀⠀⠀⠀⠀⠀⠀⠀⠀⠀⠀⠀⠀⠀⠀⠀⠀⠀⠀⠀⠀⠀⠀⠀⠀⠀⠀⠀⠀⠀⠀⠀⠀[38;2;255;128;80m⢻⡄⠀⠀⢸[48;2;112;36;28m⢿[38;2;255;255;255m⡝⡆[38;2;255;128;80m⢠⠏⠀⠀⠀⠀⠀⣻⠋⢿⠇⠀⠀⠀⣴⢖⠀⠀⠈⠀⠀⠈[48;2;16;22;28m⡇⠀⠀⠀⠀⠀⠀⠀[38;2;90;140;90m⠉⠉⠉⠁⠀⠀⠀⠀⠀⠀⠀⠀⠀⠀⠀⠀⠀⠀⠀⠀⠀⠀⠀⠀⠀⠀⠀⠀⠀⠀⠀⠀⠀⠀⠀⠀⠀⠀⠀⠀⠀⠀⠀⠀⠀⠀⠀⠀⠀⠀[38;2;225;225;225m⠈⢆⣀⠀⠀⠀⠀⠀⠀[0m
[38;2;255;255;255m[48;2;16;22;28m⠀⠀⠀⠀⠀⠀⠀⠀⠀⠀⠀⠀⠀⠀⠀⠀⠀⠀⠀⠀⠀⠀⠀⠀⠀⠀⠀⠀⠀⠀⠀⠀⠀⠀⠀⠀⠀⠀⠀⠀⠀⠀⠀⠀⠀⠀⠀⠀⠀⠀⠀⠀[38;2;255;128;80m⠸⣤⠀[38;2;90;140;90m⣖[38;2;255;128;80m⡛[48;2;112;36;28m⣏⣀[38;2;255;255;255m⣹[38;2;255;128;80m⠼⢦⡀⠀⠀⠀[38;2;225;225;225m⡸⠀⠀⠀⠀⠀[38;2;255;128;80m⢠[48;2;16;22;28m⠼⠁[48;2;112;36;28m⢿⡂⠀⠀⠀⠀⠀[48;2;16;22;28m⡇⠀⠀⠀⠀⠀⠀⠀⠀⠀⠀⠀⠀⠀⠀⠀⠀⠀⠀⠀⠀⠀⠀⠀⠀⠀⠀⠀⠀⠀⠀⠀⠀⠀⠀⠀⠀⠀⠀⠀⠀⠀⠀⠀⠀⠀⠀⠀⠀⠀⠀⠀⠀⠀⠀⠀⠀⠀⠀⠀⠀[38;2;225;225;225m⠉⠢⠤⣀⡠⢄[0m
[38;2;255;255;255m[48;2;16;22;28m⠀⠀⠀⠀⠀⠀⠀⠀⠀⠀⠀⠀⠀⠀⠀⠀⠀⠀⠀⠀⠀⠀⠀⠀⠀⠀⠀⠀⠀⠀⠀⠀⠀⠀⠀⠀⠀⠀⠀⠀⠀⠀⠀⠀⠀⠀⠀⠀⠀⠀⠀⠀⠀[38;2;255;128;80m⠈⢦⡛[38;2;90;140;90m⠳⣀[38;2;255;128;80m⣹[48;2;112;36;28m⣾[38;2;255;255;255m⡆[38;2;255;128;80m⣀⣵⣆⣶⣰[38;2;225;225;225m⠁⠀⠀⠀⠀[38;2;255;128;80m⢀[48;2;16;22;28m⠏⠀⠀⠉[48;2;112;36;28m⢷⣄⠀⠀⠀⠀[48;2;16;22;28m⡇⠀⠀⠀⠀⠀⠀⠀⠀⠀⠀⠀⠀⠀⠀⠀⠀⠀⠀⠀⠀⠀⠀⠀⠀⠀⠀⠀⠀⠀⠀⠀⠀⠀⠀⠀⠀⠀⠀⠀⠀⠀⠀⠀⠀⠀⠀[38;2;255;255;255m⢠⠾⠉⠶⢦⣀⣀⠀⠀⠀⠀⠀⠀⠀⠀⠀⠀⠀⠀⠀[0m
[38;2;255;255;255m[48;2;16;22;28m⠀⠀⠀⠀⠀⠀⠀⠀⠀⠀⠀⠀⠀⠀⠀⠀⠀⠀⠀⠀⠀⠀⠀⠀⠀⠀⠀⠀⠀⠀⠀⠀⠀⠀⠀⠀⠀⠀⠀⠀⠀⠀⠀⠀⠀⠀⠀⠀⠀⠀⠀⠀⠀⠀[38;2;255;128;80m⠈⢣[38;2;255;255;255m⡀[38;2;90;140;90m⠈⠠⠧[38;2;255;128;80m⠽⠶[48;2;112;36;28m⣭⣭[48;2;16;22;28m⣽[48;2;112;36;28m⣗⡀[38;2;255;255;255m⡤[38;2;255;128;80m⣄⠀⣤[48;2;16;22;28m⣾⠀⠀⠀⠀⢰[48;2;112;36;28m⡏⠀⠀⠀⠀[48;2;16;22;28m⡇⠀⠀⠀⠀⠀⠀⠀⠀⠀⠀⠀⠀⠀⠀⠀⠀⠀⠀⠀⠀⠀⠀⠀⠀⠀⠀⠀⠀⠀⠀⠀⠀⠀⠀⠀⠀⠀⠀⠀⠀⠀⠀[38;2;255;255;255m⡀⠀⠀⠀⡜⠀⠀⠀⠀⠀⠉⠣⢤⣀⡀⡤⣠⡶⣤⢀⣀⠤⣔⢄[0m
[38;2;255;255;255m[48;2;16;22;28m⠀⠀⠀⠀⠀⠀⠀⠀⠀⠀⠀⠀⠀⠀⠀⠀⠀⠀⠀⠀⠀⠀⠀⠀⠀⠀⠀⠀⠀⠀⠀⠀⠀⠀⠀⠀⠀⠀⠀⠀⠀⠀⠀⠀⠀⠀⠀⠀⠀⠀⠀⠀⠀⠀⠀⠀[38;2;255;128;80m⢷⡀⠀⠀⠀⠀⠀[38;2;225;225;225m⢰[38;2;255;128;80m⠉⠀[48;2;112;36;28m⣸⣷[48;2;16;22;28m⠿[48;2;112;36;28m⢗[48;2;16;22;28m⡺⠧[38;2;90;140;90m⣤⠀⠀⠀[38;2;255;128;80m⠰[48;2;112;36;28m⣻⡀⠀⠀⠀[48;2;16;22;28m⡇⠀⠀⠀⠀⠀⠀⠀⠀⠀⠀⠀⠀⠀⠀⠀⠀⠀⠀⠀⠀⠀⠀⠀⠀⠀⠀⠀⠀⠀⠀⠀⠀⠀⠀⠀⠀[38;2;255;255;255m⣄⣀⡤⠴⡤⠝⠉⠉⠑⠚⠀⠀⠀⠀⠀⠀⠀⠀⠀⠀⠈⠀⠀⠀⠀⠁⠀⠀⠀⠉[0m
[38;2;255;255;255m[48;2;16;22;28m⠀⠀⠀⠀⠀⠀⠀⠀⠀⠀⠀⠀⠀⠀⠀⠀⠀⠀⠀⠀⠀⠀⠀⠀⠀⠀⠀⠀⠀⠀⠀⠀⠀⠀⠀⠀⠀⠀⠀⠀⠀⠀⠀⠀⠀⠀⠀⠀⠀⠀⠀⠀⠀⠀⠀⠀⠀[38;2;255;128;80m⣇⠀⠀⠀⠀⠀[38;2;225;225;225m⡎⠀⠀[38;2;255;128;80m⠈⠹[38;2;90;140;90m⠤⢤⣀⠀⡳⠀[38;2;255;128;80m⢀⡀⣀⠀[48;2;112;36;28m⣻⠀⠀⠀[48;2;16;22;28m⡇⠀⠀⠀⠀⠀⠀⠀⠀⠀⠀⠀⠀⠀⠀⠀[38;2;90;140;90m⡤⠤⢄⠀⠀⡀⠀⠀⠀⠀⠀⠀⠀⠀⠀⠀⠀⠀⠀⣰[38;2;255;255;255m⡾⠁⠀⠀⠀⠀⠀⠀⠀⠀⠀⠀⠀⠀⠀⠀⠀⠀⠀⠀⠀⠀⠀⠀⠀⠀⠀⠀⠀⠀⠀[0m
[38;2;255;255;255m[48;2;16;22;28m⠀⠀⠀⠀⠀⠀⠀⠀⠀⠀⠀⠀⠀⠀⠀⠀⠀⠀⠀⠀⠀⠀⠀⠀⠀⠀⠀⠀⠀⠀⠀⠀⠀⠀⠀⠀⠀⠀⠀⠀⠀⠀⠀⠀⠀⠀⠀⠀⠀⠀⠀⠀⠀⠀⠀⠀⠀[38;2;255;128;80m⠘⣄⣀⠀⠀⠀[38;2;225;225;225m⡇⠀⠀⠀⠀⠀[38;2;90;140;90m⢱⠋⠀⡇⠀[38;2;255;128;80m[48;2;112;36;28m⡴⠋⠋⠉⠁⠀⠀⠀[48;2;16;22;28m⡇⠀⠀⠀⠀⠀⠀⠀⠀⠀⠀⠀⠀⠀⠀⠀[38;2;90;140;90m⡇⠀⠈⠓⠞⠳⣄⢀⣀⣴⣀⠀⢖⠒⠶⢦⢀⣀⡟[38;2;255;255;255m⡯⠋⠀⠀⠀⠀⠀⠀⠀⠀⠀⠀⠀⠀⠀⠀⠀⠀⠀⠀⠀⠀⠀⠀⠀⠀⠀⠀⠀⠀⠀⠀[0m
[38;2;255;255;255m[48;2;16;22;28m⠀⠀⠀⠀⠀⠀⠀⠀⠀⠀⠀⠀⠀⠀⠀⠀⠀⠀⠀⠀⠀⠀⠀⠀⠀⠀⠀⠀⠀⠀⠀⠀⠀⠀⠀⠀⠀⠀⠀⠀⠀⠀⠀⠀⠀⠀⠀⠀⠀⠀⠀⠀⠀⠀⠀⠀⠀⠀⠀[38;2;255;128;80m⠘⢦⣀[38;2;225;225;225m⢀⠇⠀⠀⠀[38;2;90;140;90m⢀⡀⢸⠀⠀[38;2;255;128;80m⢓[48;2;112;36;28m⣶⢛⣀⣀⡀⠀⠀⠀⠀[48;2;16;22;28m⡇⠀⠀⠀⠀⠀⠀⠀⠀⠀⠀⠀⠀⠀⠀[38;2;90;140;90m⡏⠀⠀⠀⠀⠀⠀⠈⠙⠲⡄⠈⠉⠉⠀⠀⠘⠚⠀[38;2;255;255;255m⡤⠇⠀⠀⠀⠀⠀⠀⠀⠀⠀⠀⠀⠀⠀⠀⠀⠀⠀⠀⠀⠀⠀⠀⠀⠀⠀⠀⠀⠀⠀⠀⠀[0m
[38;2;255;255;255m[48;2;16;22;28m⠀⠀⠀⠀⠀⠀⠀⠀⠀⠀⠀⠀⠀⠀⠀⠀⠀⠀⠀⠀⠀⠀⠀⠀⠀⠀⠀⠀⠀⠀⠀⠀⠀⠀⠀⠀⠀⠀⠀⠀⠀⠀⠀⠀⠀[38;2;170;215;255m⣶⠒⠦⣄⠀⠀⠀⡠⠴⠚⠓⠓⠲[38;2;255;255;255mOjinaga[38;2;255;128;80m⣀⠀[38;2;90;140;90m⣯⡇⢸⠀⠀[38;2;255;128;80m[48;2;112;36;28m⣤[48;2;16;22;28m⣿⠛⣮[48;2;112;36;28m⣽⠗[38;2;255;255;255m⢀⣀⡖⠒[38;2;255;128;80m[48;2;16;22;28m⣷[38;2;90;140;90m⡄⠀⠀⠀⠀⠀⠀⠀⠀⠀⠀⠀⠀⠀⣇⣀⠀⡀⢀⡠⡄⠀⠀⠀⢧⣤⡄⠀⣀⣀⣠⢤[38;2;255;255;255m⡴⠅⠀⠀⠀⠀⠀⠀⠀⠀⠀⠀⠀⠀⠀⠀⠀⠀⠀⠀⠀⠀⠀⠀⠀⠀⠀⠀⠀⠀⠀⠀⠀⠀[0m
[38;2;255;255;255m[48;2;16;22;28m⠀⠀⠀⠀⠀⠀⠀⠀⠀⠀⠀⠀⠀⠀⠀⠀⠀⠀⠀⠀⠀⠀⠀⠀⠀⠀⠀⠀⠀⠀⠀⠀⠀⠀⠀⠀⠀⠀⠀⠀⠀⠀⠀⠀⠀[38;2;170;215;255m⠈⡲⠀⠈⠖⠒⠒⠃⠀⠀⠀⠀⠀⠀⠀⠀[38;2;225;225;225m⡇⠀⠀[38;2;255;128;80m⠉[38;2;255;255;255m⠈[38;2;255;128;80m⠙⢷⡇[38;2;90;140;90m⣾⠀[38;2;255;128;80m⢸[48;2;112;36;28m⣯⣼⠓⠻⡾[38;2;255;255;255m⠉⠉[38;2;255;128;80m⣉⡀⠀[48;2;16;22;28m⡟[38;2;90;140;90m⠦⡄⠀⠀⠀⠀⠀⠀⠀⠀⠀⠀⠀⠀⠀⠀⠉⠋⠊⠀⡇⠀⠀⠀⠈⡿⡂⠀⡇⠀⠀[38;2;255;255;255m⢸⠄⠀⠀⠀⠀⠀⠀⠀⠀[38;2;120;160;200m⡠⢄⡀⠀⠀⠀⠀⠀⠀⠀⠀⠀⠀⠀⠀⠀⠀⠀⠀⠀⠀⠀⠀⠀⠀[0m
[38;2;255;255;255m[48;2;16;22;28m⠀⠀⠀⠀⠀⠀⠀⠀⠀⠀⠀⠀⠀⠀⠀⠀⠀⠀⠀⠀⠀⠀⠀⠀⠀⠀⠀⠀⠀⠀⠀⠀⠀⠀⠀⠀⠀⠀⠀⠀⠀⠀⠀⠀⠀[38;2;170;215;255m⢀⠇⠀⠀⠀⠀⠀⠀⠀⠀⠀⠀⠀⠀⠀⠀[38;2;225;225;225m⢸⠀⠀⠀⠀[38;2;90;140;90m⢀⠤[38;2;255;128;80m⠧⣸[38;2;90;140;90m⣷[38;2;255;128;80m⣌[48;2;112;36;28m⣿⣠⡄⠀⠀⠀⢀⢹⣇⠀[48;2;16;22;28m⡇⠀[38;2;90;140;90m⡇⠀⠀⠀⠀⠀⠀⠀⠀⠀⠀⣀⣀⣀⣀⣠⠤⠴⠋⠁⠀⠀⠀⠀⠓⣿⡅⡇⠀⠀[38;2;255;255;255m⡇⠀⠀⠀⠀⠀⠀⠀⠀⠀[38;2;120;160;200m⠈⠓⢺⡄⠀⠀⠀⠀⠀⠀⠀⠀⠀⠀⠀⠀⠀⠀⠀⠀⠀⠀⠀⠀⠀[0m
[38;2;255;255;255m[48;2;16;22;28m⠀⠀⠀⠀⠀⠀⠀⠀⠀⠀⠀⠀⠀⠀⠀⠀⠀⠀⠀⠀⠀⠀⠀⠀⠀⠀⠀⠀⠀⠀⠀⠀⠀⠀⠀⠀⠀⠀⠀⠀⠀⠀⠀⠀[38;2;170;215;255m⢸⠑⠁⠀⠀⠀⠀⠀⠀⠀⠀⠀⠀⠀⠀⠀⠀[38;2;225;225;225m⠸⡀⠀⠀[38;2;90;140;90m⠰⡁⠀⠀[38;2;255;128;80m⠙⢧⣞⣉[48;2;112;36;28m⣿⢾⢂⣠⢀⣹[48;2;16;22;28m⡇⠈⠙⣇[38;2;90;140;90m⣀⢹⠀⠀⠀⠀⠀⠀⠀⠀⣠⠏⠁⠀⠀⠀⠀⠀⠀⠀⠀⠀⠀⠀⠀⠀⠀⠉⠓⢲[38;2;255;255;255m⣤⡗⠀⠀⠀⠀⠀⠀⠀⠀⠀⠀⠀⠀⠀⠀⠀⠀⠀⠀⠀⠀⠀⠀⠀⠀⠀⠀⠀⠀⠀⠀⠀⠀⠀⠀[0m
[38;2;255;255;255m[48;2;16;22;28m⠀⠀⠀⠀⠀⠀⠀⠀⠀⠀⠀[38;2;120;160;200m⣀⣀⣀⠀⠀⠀⠀⠀⠀⠀⠀⠀⠀⠀⠀⠀⠀⠀⠀⠀⠀⠀⠀⠀⠀⠀⠀⠀⠀⠀⠀⠀[38;2;170;215;255m⡤⠭⠂⠀⠀⠀⠀⠀⠀⠀⠀⠀⠀⠀⠀⠀⠀⠀⠀[38;2;225;225;225m⡜⠀⠀[38;2;90;140;90m⢪⠀⠀⠀⠀⠀⠀[38;2;255;128;80m⠑⢭⣘⠉⡝⠋⠁⠀⠀⠀⡷[38;2;90;140;90m⡌⠉⠀⠀⠀⠀⠀⠀⢰⠒⠃⠀⠀⠀⠀⠀⠀⠀⠀⠀⠀⠀⠀⠀⠀⠀⠀⠀⠀[38;2;255;255;255m⡎[38;2;90;140;90m⠻⣨⡑⠢⢄⡀⠀⠀⠀⠀⠀⠀⠀⠀⠀⠀⠀⠀⠀⠀⠀⠀⠀⠀⠀⠀⠀⠀⠀⠀⠀⠀⠀⠀⠀⠀[0m
[38;2;200;200;200m[48;2;16;22;28m├─────────[48;2;24;44;72m─────[48;2;16;22;28m───────────────────┤ 100 km[38;2;170;215;255m⡪⠁⠀⠀⠀⠀⠀⠀⠀⠀⠀⠀⠀⠀⠀⠀⠀⠀⠀[38;2;225;225;225m⡸⠀⠀⠀⠀[38;2;90;140;90m⡇⠀⠀⠀⠀⠀⠀⠀[38;2;255;255;255m⠈[38;2;255;128;80m⠙⠓⠒⠶⠤⢤⣿⣗[38;2;90;140;90m⡿⠀⠀⠀⠀⠀⠀⢸⠉⠀⠀⠀⠀⠀[38;2;160;160;160mOpenFreeMap (c) OpenMapTiles Data from OpenStreetMap[0m
