Specimen 32 (OW-2, D-17) · truecolor · 69x12 · five alerts, one a severity: word in the label, one outline dash each · over specimen 29's radar (IEM n0q 2026-09-23 14:28Z, stale) · centre 38.301,-81.940 z6.30 · status complete
[38;2;190;190;190m[48;2;16;22;28m⠛⠁⠀⠀⠀⠀⠀⠀⠸⣀⠀[38;2;90;140;90m⣰⠿⡜⢷⣔⣶⡿⠛⠀⠀[48;2;0;51;102m⠛[48;2;16;22;28m⠯[38;2;255;255;255m[48;2;34;119;136m⠞[38;2;190;190;190m[48;2;0;51;102m⢀⡤[38;2;0;0;0m[48;2;221;170;34m⢄[48;2;255;221;119m⡼[48;2;221;170;34m⠁⠀[48;2;34;119;136m⠀[48;2;0;51;102m⠀[48;2;16;22;28m⠀⠀⠀⠀⠀⠀⠀⠀[48;2;119;170;85m⠀⠀[48;2;34;119;136m⠀[48;2;119;170;85m⠀[48;2;255;221;119m⠀[48;2;221;170;34m⠀[48;2;119;170;85m⠀[48;2;16;22;28m⠀⠀⠀⠀⠀⠀⠀⠀⠀[38;2;90;140;90m⢀⡠⣴⠄⠀⠀⠀⠀⠀⠀⠀⠀⠀[0m
[38;2;255;255;255m[48;2;16;22;28m⠀⠀⠀⠀⠀⠀⠀⠀⠀[38;2;190;190;190m⠈⠑⠚[38;2;90;140;90m⠻⡅⠀⠉⠀⠀⠀⠀⠀[48;2;119;170;85m⠀⠀[48;2;34;119;136m⠀[38;2;255;110;200m[48;2;109;31;112m⡼⠤⠤⠤⠤[48;2;16;22;28m⡄⠀⠀⠀⠀⠀⠀[38;2;90;140;90m⢰⠞[38;2;255;214;90m[48;2;104;78;18m⠫⡉⠀⠈⠉⠁⢰[48;2;119;170;85m⠀[48;2;34;119;136m⠀[48;2;16;22;28m⠀⠀⠀⠀⠀⠀[38;2;90;140;90m⣄⢖⣠⡈⠉⠉⠀⠀⠀⠀⠀⠀⠀⠀⠀⠀[0m
[38;2;255;255;255m[48;2;16;22;28m⠀⠀⠀⠀⠀⠀⠀⠀⠀⠀⠀⠀⠀[38;2;190;190;190m⠘[38;2;255;110;200mTornado Wa[38;2;255;255;255m[48;2;109;31;112mrning[38;2;255;110;200m[48;2;16;22;28m · EXTREM[38;2;255;255;255m[48;2;104;78;18mE⠀⠀⠀⠀⠀[38;2;255;214;90m⠈[48;2;221;170;34m⠀⠀[48;2;16;22;28m⠀⠀⠀⠀⠀⠀[38;2;90;140;90m⠘⠏⠉⠀⠀⠀⠀⠀⠀⠀⠀⠀⠀⠀⠀⠀[0m
[38;2;255;255;255m[48;2;16;22;28m⠀⠀⠀⠀⠀⠀⠀⠀⠀⠀⠀⠀⠀⠀⠀[38;2;190;190;190m⠸⡄⠀⢀⣀⡠[38;2;255;255;255m[48;2;34;119;136m⠤⠴[38;2;190;190;190m[48;2;0;51;102m⠞[38;2;255;110;200m[48;2;109;31;112m⡇⠀⠀⠀⠀[38;2;255;255;255m[48;2;34;119;136m⡇⠀[48;2;16;22;28m⠀⠀⠀⠀⠀⠀[48;2;0;51;102m⠀[38;2;255;214;90m[48;2;104;78;18m⡀⠀⠀⠀⠀⠀⢸[48;2;0;51;102m⠀⠀[48;2;16;22;28m⠀⠀⠀⠀⠀⠀⠀⠀⠀⠀⠀⠀⠀⠀⠀⠀⠀⠀⠀⠀⠀⠀[0m
[38;2;255;255;255m[48;2;16;22;28m⠀⠀⠀⠀⠀⠀⠀⠀⠀⠀⠀⠀⠀⠀⠀⠀[38;2;190;190;190m⡏⠉⠁⠀⠀[48;2;221;170;34m⠀⠀[48;2;119;170;85m⠀[38;2;255;110;200m[48;2;0;51;102m⠉⠉⠉⠉[38;2;0;0;0m[48;2;221;170;34m⠉⠁[48;2;119;170;85m⠀[48;2;16;22;28m⠀⠀⠀[38;2;255;255;255m[48;2;34;119;136m⢀⠀⠀⠀[38;2;0;0;0m[48;2;119;170;85m⠉⠉[48;2;221;170;34m⠀⠈⠉[48;2;119;170;85m⠁[48;2;16;22;28m⠀⠀⠀⠀⠀⠀⠀⠀⠀⠀⠀⠀⠀⠀⠀⠀⠀⠀⠀⠀⠀⠀⠀⠀⠀[0m
[38;2;255;255;255m[48;2;16;22;28m⠀⠀⠀⠀⠀⠀⠀⠀⠀⠀⠀⠀⠀⠀⠀⠀[38;2;190;190;190m⢱⠀⠀⠀[38;2;90;140;90m⢀[38;2;0;0;0m[48;2;119;170;85m⢀⣄⠀⠀⠀⠀[48;2;0;51;102m⠀[48;2;119;170;85m⢀⠤[38;2;255;255;255m[48;2;34;119;136m⢄[38;2;0;0;0m[48;2;119;170;85m⢀[38;2;255;128;80m[48;2;112;36;28m⠔⠁⠀[38;2;0;0;0m[48;2;119;170;85m⢇⡀⠀⠀[48;2;34;119;136m⠀⠀[48;2;119;170;85m⠀[48;2;34;119;136m⠀[48;2;0;51;102m⠀[48;2;16;22;28m⠀⠀⠀⠀⠀⠀⠀⠀⠀⠀⠀⠀⠀⠀⠀⠀⠀⠀⠀⠀⠀⠀⠀⠀⠀[0m
[38;2;255;255;255m[48;2;16;22;28m⠀⠀⠀⠀⠀[38;2;90;140;90m⣠⡀⠀⠀⠀⠀⠀⠀⠀⠀[38;2;190;190;190m⢀⡱⠀⠀⠀[38;2;90;140;90m⠘[38;2;0;0;0m[48;2;255;221;119m⢿⡞[48;2;221;170;34m⠀[48;2;119;170;85m⠀⠀[48;2;34;119;136m⠀[48;2;0;51;102m⠀[48;2;221;170;34m⢇⠀⢀[48;2;119;170;85m⠏[48;2;255;221;119m⠢[38;2;255;128;80m[48;2;112;36;28m⢄⠀[38;2;0;0;0m[48;2;221;170;34m⠐⠁⠀[48;2;119;170;85m⠀⠀[38;2;255;255;255m[48;2;34;119;136m⠺⣝[38;2;0;0;0m[48;2;119;170;85m⠒[38;2;90;140;90m[48;2;16;22;28m⣄⠀⠀⠀⠀⠀⠀⠀⠀⠀⠀⠀⠀⠀⠀⠀⢀⡀⠀⠀⣰⢲⢰⠞⠁⠀[0m
[38;2;255;255;255m[48;2;16;22;28m⠀⠀⠀⠀[38;2;90;140;90m⣾⡻⠃⠀⠀⠀⠀⠀⠀⠀⠀[38;2;190;190;190m⠘⡆⠀⠀⠀⠀[48;2;255;221;119m⠀[38;2;0;0;0m⠁[48;2;221;170;34m⠀[48;2;0;51;102m⠀[48;2;16;22;28m⠀⠀⠀⠀[38;2;255;255;255m⠉[48;2;0;51;102m⠁[48;2;119;170;85m⠀[48;2;255;221;119m⠀⠀[38;2;0;0;0m⠁[48;2;221;170;34m⠀[48;2;119;170;85m⠀⠀⠀[48;2;34;119;136m⠀⠀[38;2;90;140;90m[48;2;16;22;28m⠈⠛⠋⠀⠀⠀⠀⠀⠀⠀⠀⠀⠀⠀⠀⠀⠲⡴⡿⣷⢳⣦⣿⠾⠋⠀⠀⠀[0m
[38;2;255;255;255m[48;2;16;22;28m⠀⠀⠀⠀[38;2;90;140;90m⠓⠃⠀⠀⠀⠀⠀⠀⠀⠀[38;2;190;190;190m⢰⡒⠁⠀⠀⠀⠀[38;2;255;255;255m[48;2;34;119;136m⣠[38;2;90;140;90m[48;2;0;51;102m⣄[48;2;16;22;28m⣀[38;2;87;239;176m[48;2;33;86;97m⡁⠈⠀⠁⠈⠀[48;2;16;22;28m⡁[48;2;34;119;136m⠀⠀[48;2;255;221;119m⠀⠀⠀⠀[48;2;119;170;85m⠀[38;2;226;230;239m[48;2;107;105;101m⡉⠉⠉⠀⠁⠈⢹[48;2;16;22;28m⠀⠀⠀⠀⠀⠀⠀⠀⠀⠀[38;2;170;215;255m⢢⣀⠀[38;2;90;140;90m⠈⠀⠀⠀⢯⡄⠀⠀⠀⠀⠀[0m
[38;2;255;255;255m[48;2;16;22;28m⠀⠀⠀⠀⠀⠀⠀⠀⠀⠀⠀⠀⠀⠀⠀[38;2;190;190;190m⠉[38;2;87;239;176mFlood Ad[48;2;33;86;97mvisory[48;2;16;22;28m · MINOR[38;2;226;230;239m[48;2;107;105;101m⡄⠀⠀⠀⠀⠀⠠[48;2;16;22;28m⠀⠀⠀⠀⠀⠀⠀⠀⠀⠀⠀[38;2;170;215;255m⠘⢳[38;2;90;140;90m⣆⠀⠀⠀⠀⠀⠀⠀⠀⠀⠀[0m
[38;2;255;255;255m[48;2;16;22;28m⠀⠀⠀⠀⠀⠀⠀⠀⠀⠀⠀⠀⠀⠀⠀⠀⠀[38;2;190;190;190m⠱⡀⠀⠀[38;2;90;140;90m⠘⠲⠴[38;2;87;239;176m[48;2;33;86;97m⢮[38;2;255;255;255m⠿⠀⠀⠀⠀[38;2;87;239;176m[48;2;16;22;28m⠊[38;2;90;140;90m⠉⠊⠀[48;2;0;51;102m⠀⠀⠀[48;2;34;119;136m⠀[38;2;226;230;239m[48;2;107;105;101m⡇⠀⠀⠀⠀⠀⢰[48;2;16;22;28m⠀⠀⠀⠀⠀⠀⠀⠀⠀⠀⠀⠀⠀[38;2;90;140;90m⢯[38;2;170;215;255m⣳[38;2;90;140;90m⡄⠀⠀⠀⠀⠀⠀⠀⠀[0m
[38;2;200;200;200m[48;2;16;22;28m├────┤ 20 km⠀[38;2;255;170;80m14:28Z stale[38;2;87;239;176m⠈[38;2;160;160;160mOpenFreeMap (c) OpenMapTiles Data from Open[0m
