Specimen 32 (OW-2, D-17) · truecolor · 69x12 · five alerts, one a severity: word in the label, one outline dash each · the dash key: five long boxes, no radar · centre 38.301,-81.950 z6.20 · status complete
[38;2;225;225;225m[48;2;16;22;28m⠾⢿[38;2;90;140;90m⡾[38;2;190;190;190m⠟⠀⠀⠀⠀⠀⠀[38;2;225;225;225m⣿⢄⠀[38;2;90;140;90m⢘⣟⣿⡇⣬⣿⡿⠁⠀⢶⣾⣽⠋⠀⠀[38;2;190;190;190m⢹⠀⠀⠀⠀[38;2;225;225;225m⡕⠀⠀⠀⠀⠀⠀⠀⠀⢇⠀⠀⠀⠀⠀⠀⠀⠀⠀⠀⠀⠀⠀[38;2;90;140;90m⡀⡀[38;2;225;225;225m⢀⢤⠤⠤⠤⢄⣀⣠⡇[38;2;90;140;90m⠫⣄[0m
[38;2;225;225;225m[48;2;16;22;28m⢄⣀⠀⠀⠀⠀⠀⠀⠀⠀⠈[38;2;190;190;190m⠷[38;2;225;225;225m⣧[38;2;90;140;90m⠿⢼⡉⠙⠋⠉⠀⠀⠀⠀⠉[38;2;255;110;200m[48;2;109;31;112m⡏⣹⠋⠛⠉⠉⠉[38;2;255;255;255mEXTREME[38;2;255;110;200m⢍⠉⠉⠉⢹⠉⢹[48;2;16;22;28m⠀⠀⠀⠀⠀[38;2;225;225;225m⢀⡠⡒[38;2;90;140;90m⣶[38;2;225;225;225m⠑[38;2;90;140;90m⠽[38;2;225;225;225m⠛⠛⠁⠀⠀⠀⠀⠀⠀⠀⢧⠀⠀[0m
[38;2;255;255;255m[48;2;16;22;28m⠀[38;2;225;225;225m⠘⢆⠀⠀⠀⠀⠀⠀⠀⠀⠀⡇⠀⠀[38;2;190;190;190m⠹⣆⠀⠀⠀⠀⠀⠀⠀[38;2;255;110;200m⠓⡗⠒⠒⠒⠒⠒⠒⠒⠒⢓⡖⠚⢳⡞⠒⠒⠒⡳⠒⠚⠀⠀[38;2;225;225;225m⣀⡰⠒⠋⠀[38;2;90;140;90m⠹⠞⠛⠀⠀⠀⠀⠀⠀⠀⠀⠀⠀[38;2;225;225;225m⢠⠊⠀⠀[0m
[38;2;255;255;255m[48;2;16;22;28m⠀⠀⠀[38;2;225;225;225m⠑⠒⡆⠀⠀⠀⠀⠀⢠⠃⠀⠀⠀⠈[38;2;190;190;190m⣷[38;2;225;225;225m⡀⠀⡀[38;2;190;190;190m⣀⠤⣀[38;2;255;128;80m[48;2;112;36;28m⣼⣻⢉⣉⡡⠬⣉⢉⡩⠕⠚⠛⠛⢯⡁⠈⠉⠉⠹⡁⢸[38;2;225;225;225m[48;2;16;22;28m⣠⠊⠀⠀⠀⠀⠀⠀⠀⠀⠀⠀⠀⠀⠀⠀⠀⠀⠀⢰⠃⠀⠀⠀[0m
[38;2;255;255;255m[48;2;16;22;28m⠀⠀⠀⠀⠀[38;2;225;225;225m⠉⠑⣄⠀⢀⣀⣨⣂⣀⣀⡤⠤[38;2;190;190;190m⣾[38;2;225;225;225m⠟⠛⠛⠲⠒⠊[38;2;255;128;80m[48;2;112;36;28m⠧⠬⠥⠤⠀⠤⠤⠥⠤⠀⠤⠤⠤⠤[38;2;225;225;225m⠑[38;2;255;128;80m⢦⡤⣤⢬[38;2;225;225;225m⡶[38;2;255;128;80m[48;2;16;22;28m⠽[38;2;225;225;225m⠁⠀⠀⠀⠀⠀⠀⠀⠀⠀⠀⠀⠀⠀⠀⠀⠀⠀⢀⡎⠀⠀⠀⠀[0m
[38;2;225;225;225m[48;2;16;22;28m⡤⠔⠤⠤⠤⠤⠤⠔⠛⠉⠁⠀⠀⠀⠀⠀⠀[38;2;190;190;190m⢙⡄⠀⠀[38;2;90;140;90m⢀⢀⣄[38;2;255;214;90m[48;2;104;78;18m⠒⠒⠀⠐⠒[38;2;255;255;255m⢂⠤⢖[38;2;255;214;90m⠒⠀⠐⠒⠂⠀⠒⠒[38;2;225;225;225m⡼[38;2;255;214;90m⠒⠛⠓[48;2;16;22;28m⢤⠀⠀⠀⠀⠀⠀⠀⠀⠀⠀⠀⠀⠀⠀⠀⠀⠀⠀[38;2;225;225;225m⢸⠀⠀⠀⠀⠀[0m
[38;2;255;255;255m[48;2;16;22;28m⠀⠀⠀⠀⠀⠀⠀[38;2;90;140;90m⢀⡄⠀⠀⠀⠀⠀⠀⠀⠀[38;2;190;190;190m⣸⠆⠀⠀[38;2;90;140;90m⠘⢿⣾[38;2;255;214;90m[48;2;104;78;18m⠦⠤⠀⠠⠤[38;2;255;255;255m⢇⠀⢤⠧⠀[38;2;255;214;90m⠠⠤⠄[38;2;225;225;225m⡤[38;2;255;214;90m⠤⠯[38;2;255;255;255m⠾[38;2;255;214;90m⣷⠶⡄[48;2;16;22;28m⡟⠀⠀⠀⠀⠀⠀⠀⠀⠀⠀⠀⠀⠀[38;2;90;140;90m⣀⠀⠀⢀⠶[38;2;225;225;225m⣜[38;2;90;140;90m⡞⠁⠀⠀⠐[0m
[38;2;255;255;255m[48;2;16;22;28m⠀⠀⠀⠀⠀⠀[38;2;90;140;90m⢸⣿⠁⠀⠀⠀⠀⠀⠀⠀⠀[38;2;190;190;190m⣷⠀⠀⠀⠀⠀[38;2;90;140;90m⠁[38;2;87;239;176m[48;2;33;86;97m⠄⠠⠀⠄⠠⠀[38;2;255;255;255m⠍⠡⠀[38;2;87;239;176m⠄⠠⠀⠄⡵⠀⠄⠠[38;2;255;255;255m⠘[38;2;87;239;176m⠞⠠[48;2;16;22;28m⢈[38;2;225;225;225m⠢⣀⠀⠀⠀⠀⠀⠀⠀⠀⠀[38;2;90;140;90m⠣⣺⠿⠾⢷⡾⣶[38;2;225;225;225m⠟⠀⠀⠀⠀⠀[0m
[38;2;255;255;255m[48;2;16;22;28m⠀⠀⠀⠀⠀⠀[38;2;90;140;90m⠉⠁⠀⠀⠀⠀⠀⠀⠀⠀[38;2;190;190;190m⢫⠁⠀⠀⠀⠀[38;2;90;140;90m⣰⢦[38;2;87;239;176m[48;2;33;86;97m⣂⢀⠀⡀⢀⠀⡀⢀MINOR⣇⠀⡀⢀⠀⡀⢀[48;2;16;22;28m⠠⠀⠀[38;2;225;225;225m⢹⣀⡀⠀⠀⠀⠀[38;2;170;215;255m⢢⣄⠀⠀⠀[38;2;225;225;225m⣀[38;2;90;140;90m⡹[38;2;225;225;225m⠶⠁⠀⠀⠀⠀⠀⠀[0m
[38;2;255;255;255m[48;2;16;22;28m⠀⠀⠀⠀⠀⠀⠀⠀⠀⠀⠀⠀⠀⠀⠀⠀[38;2;225;225;225m⢸[38;2;190;190;190m⠹⢄⠀⠀⠀[38;2;90;140;90m⢯⠄[38;2;226;230;239m[48;2;107;105;101m⡍⢳[38;2;255;255;255m⡀[38;2;226;230;239m⠤⠤⠤[38;2;255;255;255m⠐[38;2;226;230;239m⣞⣷⡦⠤⠄⠠[38;2;225;225;225m⡇[38;2;226;230;239m⠤⠤⠤⠀⠄⠠[48;2;16;22;28m⢤⠀⠀⠀⠀[38;2;225;225;225m⣇⠀⠀⠀⠀⠀[38;2;170;215;255m⠈[38;2;90;140;90m⢹[38;2;225;225;225m⣔⠚⠁⠀⠀⠀⠀⠀⠀⠀⠀⠀[0m
[38;2;255;255;255m[48;2;16;22;28m⠀⠀⠀⠀⠀⠀⠀⠀⠀⠀⠀⠀⠀⠀⠀[38;2;225;225;225m⢀⠏⠀[38;2;190;190;190m⠈⢆⠀⠀[38;2;90;140;90m⢈⣹[38;2;226;230;239m[48;2;107;105;101m⡟[38;2;255;255;255m⠾⠉⠀⠀⠀⠀⠀⠈⠀⠀[38;2;225;225;225m⢀⠎⠀⠀⠀⠀⠀⠀⠀[38;2;226;230;239m⠘[48;2;16;22;28m⠀⠀⠀⠀[38;2;225;225;225m⠘⡄⠀⠀⠀⠀⢀⡏[38;2;90;140;90m⠿[38;2;170;215;255m⣿[38;2;90;140;90m⣂⣀⠀⠀⠀⠀⠀⠀⠀⠀[0m
[38;2;200;200;200m[48;2;16;22;28m├─────────────┤ 50 km[38;2;190;190;190m⠂[38;2;255;170;80m14:28Z[38;2;226;230;239m⠁[38;2;160;160;160mOpenFreeMap (c) OpenMapTiles Data from O[0m
