Specimen 33 (D-64, option C) · truecolor · 149x38 · five alerts, one a severity: word in the label, a severity letter on the outline every few cells (E S M m U), solid outline · over specimen 29's radar (IEM n0q 2026-09-23 14:28Z, stale) · centre 38.301,-81.940 z8.15 · status complete
[38;2;90;140;90m[48;2;16;22;28m⡠⡄⠀[38;2;225;225;225m⠻[38;2;90;140;90m⡷⢯⣇⣯⠙⠉⠀⠹⠏⠀⠀⠈⠁⠀⠀⠀⠀⠀⠀⠀⠀⠀⠈⠚[48;2;0;51;102m⠦⠎[48;2;16;22;28m⠀⠀⠀⠀⠀⠀⠀⠀[38;2;225;225;225m⢀⣼[38;2;190;190;190m⢿[38;2;225;225;225m⡯[48;2;0;51;102m⠭⠭⠽⣿[38;2;190;190;190m⡿⣿[38;2;225;225;225m⠟[48;2;34;119;136m⠛[38;2;200;180;160m[48;2;0;51;102m⠁[48;2;119;170;85m⠀⠀[48;2;34;119;136m⠀⠀⠀[48;2;0;51;102m⠀⠀[48;2;16;22;28m⠀⠀⠀⠀⠀⠀⠀⠀[38;2;225;225;225m⢰⠛[38;2;120;160;200m⢧⠀⠀⠀⠀⠀⠀⠀⠀⠀⠀⠀⠀⠀⠀⠀⠀⠀⠀⠀⠀⠀⠀⠀⠀⠀⠀⠀⠀⠀[48;2;0;51;102m⠀⠀⠀[48;2;34;119;136m⠀[48;2;0;51;102m⠀[48;2;16;22;28m⠀[38;2;225;225;225m⢸⠀⠀⠀[48;2;0;51;102m⠀[48;2;34;119;136m⠀⠀[48;2;119;170;85m⠀⠀⠀[48;2;34;119;136m⠀⠀⠀[48;2;119;170;85m⠀⠀[48;2;16;22;28m⠀⠀⠀⠀⠀⠀⠀⠀⠀⠀⠀⠉⢇⠀⠀⠀⠀⠀⠀⠀⠀⠀⠀⠀⠀⠀⣀⡀⣀⣀[0m
[38;2;90;140;90m[48;2;16;22;28m⠙⠋⠀⠀[38;2;225;225;225m⡇⠀[38;2;90;140;90m⠻⠀⠀⠀⠀⠀⠀⠀⠀⠀⠀⠀⠀⠀⠀⠀⠀⠀⠀⠀⠀⠀[48;2;0;51;102m⠀⠀[48;2;16;22;28m⠀⠀⠀⠀⠀⠀⠀⠀[38;2;190;190;190m[48;2;24;44;72m⢸[48;2;16;22;28m⡇[38;2;225;225;225m⡇⠀⠀⠀⠀⠀[38;2;90;140;90m⠈⠁⠀⠀⠀[48;2;0;51;102m⠀⠀[48;2;16;22;28m⠀⠀⠀⠀⠀⠀⠀⠀⠀⠀⠀⠀⠀[38;2;225;225;225m⠸⡄[38;2;120;160;200m⠈⠣⣀⠀⠀⠀⠀⠀⠀⠀⠀⠀⠀⠀⠀⠀⠀[38;2;90;140;90m⡠⡀⠀[38;2;255;214;90m[48;2;104;78;18mM⠉⠉⠉⠉M⠉⠉⠉⠉M⠉⠉⠉⠉M⠙⡏⠉⠉M⠉⢹[48;2;119;170;85m⠀⠀⠀[48;2;0;51;102m⠀⠀⠀⠀[48;2;34;119;136m⠀[48;2;16;22;28m⠀⠀⠀⠀⠀⠀⠀⠀⠀⠀⠀⠀[38;2;225;225;225m⢣⡀⠀⠀⠀⠀⠀⠀⠀⠀⣀⠤⠤⠜⠀⠉⠁[38;2;90;140;90m⠛[0m
[38;2;255;255;255m[48;2;16;22;28m⠀⠀[38;2;225;225;225m⣀⠖⠁⠀⠀⠀⠀⠀⠀⠀⠀⠀⠀⠀⠀⠀⠀⠀⠀⠀⠀⠀⠀⠀⠀⠀[48;2;34;119;136m⠀⠀⠀[48;2;0;51;102m⠀⠀⠀⠀⠀⠀[48;2;16;22;28m⠀[38;2;255;110;200m[48;2;24;44;72m⣸[48;2;16;22;28m⣷⣁E[48;2;0;51;102m⣀⣀[48;2;16;22;28m⣀⣀E⣀⣀⣀⣀E⣀⣀⣀⣀E⠀⠀⠀⠀⠀⠀⠀⠀⠀⠀[38;2;225;225;225m⠓⠢⢄⡀[38;2;120;160;200m⠑⣄⠀⠀⠀⠀⠀⠀⠀⠀⠀⠀[38;2;90;140;90m⡔⠑⠼⠓⠢[38;2;255;214;90m[48;2;104;78;18m⣸⠀⠀⠀⠀⠀⠀⠀⠀⠀⠀⠀⠀⠀⠀⠀⠀[38;2;225;225;225m⡇⠀⠀⠀⠀[38;2;255;214;90m⢸[48;2;16;22;28m⠀⠀⠀[48;2;0;51;102m⠀⠀[48;2;16;22;28m⠀[48;2;0;51;102m⠀[48;2;16;22;28m⠀⠀⠀⠀⠀⠀⠀⠀⠀⠀⠀⠀⠀⠀[38;2;225;225;225m⠈⢆⠀⠀⠀⠀⠀⡠⠞⠁⠀⠀[38;2;90;140;90m⠘⡿⢒⡿⠀[0m
[38;2;225;225;225m[48;2;16;22;28m⣔⠊⠀⠀⠀⠀⠀⠀⠀⠀⠀⠀⠀⠀⠀⠀⠀⠀⠀⠀⠀⠀⠀⠀⠀⠀⠀⠀[48;2;119;170;85m⠀⠀⠀[48;2;34;119;136m⠀[48;2;0;51;102m⠀⠀[48;2;34;119;136m⠀⠀⠀⢀[38;2;255;110;200m[48;2;109;31;112m⣿[38;2;225;225;225m⡟⠀⠀⠀⠀⠀⠀⠀⠀⠀⠀⠀⠀⠀⠀⠀⠀[38;2;255;110;200m[48;2;16;22;28m⡇⠀⠀⠀⠀⠀⠀⠀⠀⠀⠀⠀⠀⠀[38;2;225;225;225m⠈⠑⢌[38;2;120;160;200m⢦⣀⠀⠀⠀⢀⣶⣲⣤⠀[38;2;90;140;90m⡏⠀⠀⠀⠀[38;2;255;214;90m[48;2;104;78;18m⢸[38;2;255;255;255m⠢⡀⠀⠀⠀⠀⠀⠀⠀⠀⠀⠀⠀⠀⠀[38;2;225;225;225m⡰⠁⠀⠀⠀⠀[38;2;255;214;90m⢸[48;2;0;51;102m⠀[48;2;16;22;28m⠀⠀⠀⠀⠀[48;2;0;51;102m⠀⠀[48;2;16;22;28m⠀⠀⠀⠀⠀⠀⠀⠀⠀⠀⠀⠀⠀⠀[38;2;225;225;225m⠈⢢⢀⠔⠒⠊⠁⠀[38;2;90;140;90m⢠⠤⠔⠉⠀⠓⡄⠀[0m
[38;2;200;180;160m[48;2;16;22;28m⡌[38;2;225;225;225m⢢⡀⠀⠀⠀⠀⠀⠀⠀⠀⠀⠀⠀⠀⠀⠀⠀⠀⠀⠀⠀⠀⠀⠀⠀⠀⠀[48;2;34;119;136m⠀⠀⠀[48;2;119;170;85m⠀[48;2;34;119;136m⠀⠀[48;2;0;51;102m⠀[48;2;34;119;136m⠀[48;2;119;170;85m⠀[38;2;0;0;0m⣼[38;2;255;110;200m[48;2;109;31;112m⡟⠀⠀⠀⠀⠀⠀⠀⠀⠀⠀⠀⠀⠀⠀⠀⠀⠀[48;2;16;22;28m⡇⠀⠀⠀⠀⠀⠀⠀⠀⠀⠀⠀⠀⠀⠀⠀⠀[38;2;225;225;225m⠉[38;2;120;160;200m⠛⡟⠶⡾[38;2;225;225;225m⠋⠁⠀⠈[38;2;90;140;90m⢿⡁⠀⠀⠀⠀[38;2;255;214;90m[48;2;104;78;18m⢸[38;2;255;255;255m⢀⡨⠦⠀⠀⠀⠀⠀⠀⠀⠀⠀⠀⠀⠀[38;2;225;225;225m⡇⠀⠀⠀⠀⠀[38;2;255;214;90m⢸[48;2;16;22;28m⠀⠀⠀⠀⠀[48;2;0;51;102m⠀⠀[48;2;34;119;136m⠀[48;2;16;22;28m⠀⠀⠀⠀⠀⠀⠀⠀⠀⠀⠀[38;2;225;225;225m⢀⣀⣀⣀⠔⠁⠀⠀⠀⠀⠀⠀[38;2;90;140;90m⠙⢫⠃⠀⠀⠹⣱[0m
[38;2;190;190;190m[48;2;16;22;28m⣿⣄[38;2;225;225;225m⢹⠀⠀⠀⠀⠀⠀⠀⠀⠀⠀⠀⠀⠀⠀⠀⠀⠀⠀⠀⠀⠀⠀⠀⠀⠀[48;2;221;170;34m⠀⠀⠀[48;2;119;170;85m⠀⠀⠀[48;2;34;119;136m⠀⠀[48;2;119;170;85m⠀[38;2;0;0;0m⣸[38;2;255;110;200m[48;2;109;31;112m⡇⠀⠀⠀⠀⠀⠀⠀⠀⠀⠀⠀⠀⠀⠀⠀⠀⠀[48;2;16;22;28m⡇⠀⠀⠀⠀⠀⠀⠀⠀⠀⠀⠀⠀⠀⠀⠀⠀⠀⠀[38;2;225;225;225m⡇⢸⠀⠀⠀⠀⠀⠈⢻[38;2;120;160;200m⣻[38;2;90;140;90m⢤⠰⣒[38;2;255;214;90m[48;2;104;78;18m⢺[38;2;255;255;255m⠁⠀⠀⠀⠀⠀⠀⠀⠀⠀⠀⠀⠀⠀⠀[38;2;225;225;225m⡇⠀⠀⠀⠀⠀[38;2;255;214;90mM[48;2;0;51;102m⠀⠀[48;2;34;119;136m⠀⠀[48;2;119;170;85m⠀[48;2;34;119;136m⠀⠀⠀[48;2;16;22;28m⠀⠀⠀⠀⠀⠀⠀⠀[38;2;225;225;225m⢠⠤⠚⠃⠀⠀⢇⡀⠀⠀⠀⠀⠀⠀⠀⠀[38;2;90;140;90m⠈[38;2;225;225;225m⡵⢦[38;2;170;215;255m⡀[38;2;90;140;90m⡠⠒[0m
[38;2;225;225;225m[48;2;16;22;28m⠑⡯[38;2;200;180;160m[48;2;24;44;72m⣳[38;2;225;225;225m[48;2;16;22;28m⣇⠀⠀⠀⠀⠀⠀⠀⠀⠀⠀⠀⠀⠀⠀⠀⠀⠀⠀⠀⠀⠀⠀⠀⠀[48;2;221;170;34m⠀⠀⠀⠀⠀⠀[48;2;119;170;85m⠀⠀[48;2;34;119;136m⢀[38;2;255;255;255m⣿[48;2;109;31;112mE⠀⠀⠀⠀⠀⠀⠀⠀⠀⠀⠀⠀⠀⠀⠀⠀⡔[38;2;255;110;200m[48;2;16;22;28m⡗[38;2;90;140;90m⡤⠀⠀⠀⠀⠀⠀⠀⠀⠀⠀⠀⠀⠀⠀⠀⠀⠀[38;2;225;225;225m⡇⡇⠀⠀⠀⠀⠀⠀⠘[38;2;120;160;200m⣯⢟[38;2;90;140;90m⠗⠜[38;2;255;214;90m[48;2;104;78;18mFlood Watch · MODERATE⢸[48;2;0;51;102m⠀[48;2;34;119;136m⠀⠀[48;2;119;170;85m⠀[48;2;221;170;34m⠀⠀[48;2;34;119;136m⠀[48;2;119;170;85m⠀[48;2;16;22;28m⠀⠀⠀⠀⠀⠀⠀[38;2;225;225;225m⣠⠋⠀⠀[38;2;255;255;255mClendenin⠀⠀[38;2;225;225;225m⣀⠀⣀⠇⠀⢿⡔⢢[0m
[38;2;255;255;255m[48;2;16;22;28m⠀Ashland⠀⠀⠀⠀⠀⠀⠀⠀⠀⠀⠀⠀⠀⠀⠀⠀⠀⠀⠀⠀[48;2;221;170;34m⠀[48;2;119;170;85m⠀⠀⠀[48;2;34;119;136m⠀⠀[48;2;0;51;102m⠀[38;2;255;110;200m[48;2;16;22;28mTor[38;2;255;255;255m[48;2;109;31;112mnado Warning · EXT[38;2;255;110;200m[48;2;16;22;28mREME⠀⠀⠀⠀⠀⠀⠀⠀⠀⠀⠀⠀⠀⠀⠀[38;2;225;225;225m⡹⠤⡀⠀⠀⠀⠀⠀⠀⠘[38;2;120;160;200m⡝⢢⡀[38;2;255;214;90m[48;2;104;78;18m⢸⠀⠀⠀⠀⠀⠀⠀⠀⠀⠀⠀⠀⠀⠀⠀[38;2;225;225;225m⡇⠀⠀⠀⠀⠀[38;2;255;214;90m⢸[48;2;0;51;102m⠀[48;2;34;119;136m⠀⠀⠀⠀⠀[48;2;0;51;102m⠀⠀[48;2;16;22;28m⠀⠀[38;2;225;225;225m⢠⠊⠑⠉⠉⠁⠀⠀⣀⣠⣤⠞⠁⠀⠀[38;2;120;160;200m⠈[38;2;225;225;225m⠉⠑⢆⣻⠄⠑⠃⠀⠀⠀⠀[38;2;170;215;255m⡸[0m
[38;2;255;255;255m[48;2;16;22;28m⠀[38;2;225;225;225m⡰⠉⠀⠀⠘⢻⣿⣆⠀⠀⠀⠀⠀⠀⠀⠀⠀⠀⠀⠀⠀⠀⠀⠀⠀⠀⠀[48;2;34;119;136m⠀⠀[48;2;0;51;102m⠀[48;2;34;119;136m⠀[48;2;16;22;28m⢀⣀⣀⠤[38;2;190;190;190m⣾[38;2;200;180;160m[48;2;0;51;102m⣧[38;2;255;110;200m[48;2;109;31;112m⣇⠀⠀⠀⠀⠀⠀⠀⠀⠀⠀⠀⠀⠀⠀⠀⠀[38;2;255;255;255m⠑[38;2;255;110;200m[48;2;16;22;28m⡟[38;2;90;140;90m⠁⠀⠀⠀⠀⠀⠀⠀⠀⠀⠀⠀⠀[38;2;225;225;225m⣀⣀⣀⣀⣀⡇⠀⠹⡄⣀⣀⡀⠀⠀⠀⢸[38;2;120;160;200m⣸⠀[38;2;255;214;90m[48;2;104;78;18m⢸⠀⠀⠀⠀⠀⠀⠀⠀⠀⠀⠀⠀⠀⠀⠀[38;2;225;225;225m⢧⠀⠀⠀⠀⠀[38;2;255;214;90m⢸[48;2;0;51;102m⠀⠀[48;2;16;22;28m⠀[48;2;0;51;102m⠀⠀⠀⠀[48;2;16;22;28m⠀[38;2;225;225;225m⡠⠊⠁⠀⢠⠖⠲⢄⣠⠞[38;2;170;215;255m⠉⠀⠀⠀⠀⠀⠀⠀⠀⠀⠈⠁⠀⠀⠀⠀⠀⠀⠀⠈[0m
[38;2;225;225;225m[48;2;16;22;28m⠋⠀⠀⠀⠀⠀⢸[38;2;190;190;190m[48;2;24;44;72m⣿[38;2;225;225;225m[48;2;16;22;28m⡜⡆⠀⠀⠀⠀⠀⠀⠀⠀⠀⠀⠀⠀⠀⠀⠀⠀⠀⣀[48;2;0;51;102m⡀⣀[48;2;16;22;28m⠔⠊⢁[38;2;190;190;190m⣀⣠[48;2;24;44;72m⣼[38;2;200;180;160m[48;2;16;22;28m⠿[38;2;225;225;225m[48;2;34;119;136m⠊[38;2;255;110;200m[48;2;109;31;112m⡟[38;2;225;225;225m⡆⠀⠀⠀⠀⠀⠀⠀⠀⠀[38;2;200;180;160m⣀⡠⡄⠀[38;2;225;225;225m⢀⣀⣀[38;2;255;110;200m[48;2;16;22;28m⡇⠀⠀[48;2;0;51;102m⠀⠀[48;2;16;22;28m⠀⠀⠀⠀⠀[38;2;225;225;225m⢀⡠⠒⢉⣡⣤⣔⣒⣚⣛⣛⣭⣛⡫⠽⠭⣿⣲⣴⡟[38;2;120;160;200m⠁⠀[38;2;255;214;90m[48;2;104;78;18m⢸⠀⠀⠀⠀⠀⠀⠀⠀⠀⠀⠀⠀⠀⠀⠀⠀[38;2;225;225;225m⢣⡀⠀⠀⠀[38;2;255;214;90m⢸[48;2;0;51;102m⠀[48;2;16;22;28m⠀⠀⠀⠀[38;2;225;225;225m[48;2;0;51;102m⢠⠔⠊[48;2;16;22;28m⠁⢀⣠⡤⠏⠀⠀⠀⠀⠀⠀⠀⠀⠀⠀⠀⠀⠀⠀⠀⠀⠀⠀⠀⠀⠀⠀⠀⠀⠀[0m
[38;2;255;255;255m[48;2;16;22;28m⠀⠀⠀⠀⠀⠀⠀[38;2;225;225;225m[48;2;24;44;72m⢻[38;2;190;190;190m[48;2;16;22;28m⡇[38;2;225;225;225m⠘⡄⠀⠀⠀⠀⠀⠀⠀⠀⣀⣀⠤⣦[38;2;190;190;190m⣀⣤[38;2;225;225;225m⣶⣟⢿[48;2;0;51;102m⣿⣷[38;2;200;180;160m⡾[38;2;225;225;225m[48;2;16;22;28m⠿[38;2;200;180;160m⠟[38;2;225;225;225m⠛[38;2;200;180;160m⢉⣁[38;2;225;225;225m[48;2;0;51;102m⣤[38;2;0;0;0m[48;2;119;170;85m⣄[38;2;255;110;200m[48;2;109;31;112m⡇[38;2;225;225;225m⡜⠀⠀⠀⠀⣀⢤⠤⢶⣭⠤⠴⠾⠯⠷⣒⡚[38;2;255;110;200m[48;2;0;51;102m⡗[38;2;225;225;225m⠢⣀⠀⠀[48;2;16;22;28m⠀⢀⣠[38;2;200;180;160m⣴[38;2;225;225;225m⠮⡽[38;2;200;180;160m⠒⠊⠁⠀⠀⠀⠀⠀⠀⠀⠀⠀⠀⠀⠀⠈[38;2;120;160;200m[48;2;24;44;72m⣿[38;2;225;225;225m[48;2;16;22;28m⢠⠛[48;2;0;51;102m⢦⡀[38;2;255;214;90m[48;2;104;78;18m⢸⠀⠀⠀⠀⠀⠀⠀⠀⠀⠀⠀⠀⠀⠀⠀⠀⠀[38;2;225;225;225m⡇⠀⠀⠀[38;2;255;214;90mM[48;2;16;22;28m⠀⠀⠀[38;2;225;225;225m⢀⣴⠞⠀⠀⢸[38;2;170;215;255m⡏⠀⠀⠀⠀⠀⠀⠀⠀⠀⠀⠀⠀⠀⠀⠀⠀⠀⠀⠀⠀⠀⠀⠀⠀⠀⠀⠀⠀[0m
[38;2;255;255;255m[48;2;16;22;28m⠀⠀⠀⠀⠀⠀⠀[38;2;225;225;225m⢸[38;2;190;190;190m[48;2;24;44;72m⡿[48;2;16;22;28m⣦[38;2;225;225;225m⣜⠦⡀⢀⣀⡠⢤[48;2;24;44;72m⣲[38;2;120;160;200m⣽[38;2;225;225;225m[48;2;16;22;28m⣷⣿⣿⠿⡿⠿⡟⠛⠉[48;2;34;119;136m⠉⣗[48;2;0;51;102m⣤⡴⢶⣮⣋⣉⣀[38;2;0;0;0m[48;2;119;170;85m⡠[38;2;255;255;255m[48;2;109;31;112mE[38;2;225;225;225m⣗⣤⣴⠶⠿⠺⠕⠉⠁⠀⠀⠀⠀⠀⠀⠀[38;2;200;180;160m⠈[38;2;255;255;255m[48;2;34;119;136m⡗⠤[38;2;225;225;225m⢕⣛⣓[48;2;0;51;102m⣚[48;2;16;22;28m⠷⠚⠒⠒⠳⡠⢄⣀⣀⡀⢀⡀⠀⠀⠀⠀⠀⠀⠀⠀[38;2;200;180;160m⢸[38;2;120;160;200m⢿[38;2;225;225;225m⡇⠀[48;2;0;51;102m⠀⠈[38;2;255;214;90m[48;2;104;78;18mM[38;2;225;225;225m⡀⠀⠀⠀⠀⠀⠀⠀⠀⠀⠀⠀⠀⠀⠀⠀⢰⡁⠀⠀⠀[38;2;255;214;90m⢸[38;2;225;225;225m[48;2;16;22;28m⢀⣀⣠⠇⠀⠀⢀⣠⡾[38;2;120;160;200m⠁⠀⠀⠀⠀⠀⠀⠀⠀⠀⠀⠀⠀⠀⠀⠀⠀⠀⠀⠀⠀⠀⠀⠀⠀⠀⠀⠀⠀[0m
[38;2;255;255;255m[48;2;16;22;28m⠀⠀⠀⠀⠀⠀⠀[38;2;225;225;225m⢸[38;2;190;190;190m⣷[38;2;225;225;225m⢮⣝⣷⣾⣿⣶⣿⣿⣿⡭⠼⢏⣀⣀⡇⠀⠣⣀⢀[38;2;0;0;0m[48;2;119;170;85m⡤⠤⠔[38;2;225;225;225m[48;2;34;119;136m⠊[38;2;0;0;0m[48;2;119;170;85m⠁[48;2;34;119;136m⠀⠀⠀⠀[48;2;0;51;102m⠀[38;2;255;110;200m[48;2;109;31;112m⠧⠤⠬[38;2;255;255;255mE[38;2;255;110;200m⠤⠤⠤⠤[38;2;255;255;255mE[38;2;255;110;200m⠤⠤⠤⠤[38;2;255;255;255mE[38;2;255;110;200m⠤⠤⠤⠤[48;2;16;22;28mE[48;2;119;170;85m⠀⠀⠀[48;2;34;119;136m⠀[48;2;16;22;28m⠀⠀⠀⠀⠀⠀⠀⠀⠀⠀[38;2;225;225;225m⠈⠁⠈⠑⠢⢄⣀⡤⣀[48;2;0;51;102m⣀⣀⣈⣿⣣⣄⠀⠀[38;2;255;214;90m[48;2;34;119;136m⠸[48;2;104;78;18m⠷⢤M⠤⠤⠤⠤M⠤⠤⠤⠤M⠤⠤⠤⠤M⠦⠤⢴[48;2;16;22;28m⡾[38;2;225;225;225m⣭⣀⡴⠚⠓⠋⠉[38;2;170;215;255m⠁⠀⠀⠀⠀⠀⠀⠀⠀⠀⠀⠀⠀⠀⠀⠀⠀⠀⠀⠀⠀⠀⠀⠀⠀⠀⠀⠀⠀⠀⠀[0m
[38;2;255;255;255m[48;2;16;22;28m⠀⠀[38;2;225;225;225m⡠⠤⢄⣀⣀⣾[38;2;200;180;160m⣽[38;2;225;225;225m⢴⠟⠉⠉⠉⠀⠀⠀⠀⠀⠀⠀⠀⡏⠈⠒⠉⠉⠉[38;2;0;0;0m[48;2;119;170;85m⠑⠒⠢⠔⢄⣀[38;2;225;225;225m[48;2;34;119;136m⣀⠀⠀[48;2;0;51;102m⠀⠀⠀⠀[48;2;16;22;28m⠀[48;2;0;51;102m⠀⠀⠀⠀[48;2;16;22;28m⠀⠀⠀⠀[48;2;0;51;102m⠀[48;2;34;119;136m⠀⠀[48;2;221;170;34m⠀⠀⠀[48;2;119;170;85m⠀⠀⠀⠀[48;2;0;51;102m⠀[48;2;16;22;28m⠀⠀⠀⠀⠀⠀⠀⠀⠀⠀⠀⠀⠀⠀⠀⠀⠀[48;2;0;51;102m⠀⠀⠀⠀⠀⠀[38;2;200;180;160m⠙[38;2;225;225;225m[48;2;34;119;136m⠻[48;2;0;51;102m⠿⢷[48;2;34;119;136m⣶⣶[38;2;0;0;0m[48;2;119;170;85m⣒[38;2;225;225;225m[48;2;34;119;136m⠺⢄⠀⠀[48;2;119;170;85m⠀[48;2;34;119;136m⠀⠀⠀⠀⠀⠀⠀[48;2;16;22;28m⠀⠀⠀⠘⢆⢠⡮⠇⠀[38;2;170;215;255m⠉⠀⠀⠀⠀⠀⠀⠀⠀⠀⠀⠀⠀⠀⠀⠀⠀⠀⠀⠀⠀⠀⠀⠀⠀⠀⠀⠀⠀⠀⠀⠀⠀⠀⠀⠀⠀[0m
[38;2;225;225;225m[48;2;16;22;28m⠚⠉⠀⠀⠀⠀⢰[38;2;200;180;160m⢻[38;2;190;190;190m⣿[38;2;225;225;225m⠇⠀⠀⠀⠀⠀⠀⠀⠀⠀⠀⠀⠀⢸⠀⠀⠀⠀⠀[48;2;221;170;34m⠀⠀[48;2;119;170;85m⠀⠀⠀⠀[48;2;34;119;136m⠈⠱⡀[48;2;0;51;102m⠀⠀⠀[48;2;16;22;28m⠀⠀⠀⠀⠀⠀[48;2;0;51;102m⠀⠀[48;2;16;22;28m⠀⠀⠀[48;2;0;51;102m⠀⠀[48;2;34;119;136m⠀[48;2;119;170;85m⠀⠀[48;2;34;119;136m⠀⠀[48;2;0;51;102m⠀⠀[48;2;16;22;28m⠀⠀⠀⠀⠀⠀⠀⠀⠀⠀⠀⠀[38;2;255;128;80mS⣀⠀[48;2;0;51;102m⠀⠀⠀⠀⠀[48;2;34;119;136m⠀[48;2;0;51;102m⠀[48;2;34;119;136m⠀⠀⠀⠀⠀⠀⠀[38;2;255;255;255m⠈[38;2;225;225;225m⠉[38;2;255;255;255m⠻⣦[38;2;225;225;225m⠱⣄⠀⣀[48;2;0;51;102m⣴⡾⢯⣿⣿⡗[48;2;16;22;28m⠤⡀⠀⢀⣠⠇⠀⠀⠀⠀⠀⠀⠀⠀⠀⠀⠀⠀⠀⠀⠀⠀⠀⠀⠀⠀⠀⠀⠀⠀⠀⠀⠀⠀⠀⠀⠀⠀⠀⠀⠀⠀⠀⠀⠀⠀[0m
[38;2;255;255;255m[48;2;16;22;28m⠀⠀⠀⠀⠀⠀[38;2;225;225;225m⢸[38;2;200;180;160m⣸[38;2;225;225;225m⣿⠀⠀⠀⠀⠀⠀⠀⠀⠀⠀⠀⠀⠀⢸⠀⠀⠀⠀[38;2;90;140;90m⡀[38;2;0;0;0m[48;2;221;170;34m⡀⠀[48;2;119;170;85m⠀⠀[48;2;34;119;136m⠀⠀⠀[48;2;0;51;102m⠀[38;2;225;225;225m⠹⣀⢀⠀⠀⠀⠀⠀⠀⠀⠀⠀⠀[48;2;16;22;28m⠀⠀[48;2;34;119;136m⠀⠀⠀[48;2;119;170;85m⠀⠀[48;2;0;51;102m⠀[48;2;16;22;28m⠀⠀⠀⠀⠀⠀⠀⠀⠀⠀⠀⠀⠀⠀[38;2;255;128;80m[48;2;112;36;28m⡔⠁⠀⠉[38;2;255;255;255mS[38;2;255;128;80m⠤[48;2;0;51;102m⣀[48;2;34;119;136m⠀⠀⠀⠀⠀⠀[48;2;119;170;85m⠀⠀[48;2;34;119;136m⠀⠀⠀⠀⠀⠀[38;2;225;225;225m⠈⠳⢾⣿[48;2;0;51;102m⡻⠭⠚⠉[38;2;255;255;255m[48;2;16;22;28mCharleston⠀⠀⠀⠀⠀⠀⠀⠀⠀⠀⠀⠀⠀⠀⠀⠀⠀⠀⠀⠀⠀⠀⠀⠀⠀⠀⠀⠀⠀⠀⠀⠀⠀⠀⠀⠀⠀⠀⠀[0m
[38;2;255;255;255m[48;2;16;22;28m⠀⠀⠀⠀⠀⠀⠀[38;2;225;225;225m⠘[38;2;190;190;190m⢿[38;2;225;225;225m⣦[38;2;200;180;160m⡀⠀⠀⠀⠀⠀⠀⠀⠀⠀⠀⠀[38;2;225;225;225m⢸⠀⠀⠀⠀[38;2;90;140;90m⡹[48;2;0;51;102m⠓⢤⠀⠀[48;2;34;119;136m⠀⠀⠀⠀[48;2;0;51;102m⠀⠀[38;2;225;225;225m⠉⠣[48;2;34;119;136m⢄[38;2;0;0;0m[48;2;119;170;85m⣀⡀⠀⡤[38;2;225;225;225m[48;2;0;51;102m⡄⠀⠀[48;2;16;22;28m⠀[48;2;0;51;102m⠀⠀⠀⠀⠀⠀⠀⠀⠀[48;2;16;22;28m⠀⠀⠀⠀⠀⠀⠀⠀⠀⠀⠀[38;2;255;128;80m⢠[48;2;112;36;28m⠊⠀⠀⠀⠀⠀⢀[38;2;255;255;255m[48;2;34;119;136m⠎⠀⠀⠀⠀⠀⠀[48;2;119;170;85m⠀⠀⠀[48;2;34;119;136m⠀⠀⠀⠀⠀[48;2;0;51;102m⠀⠀⠀⠀[48;2;16;22;28m⠀[38;2;225;225;225m[48;2;0;51;102m⢠[48;2;34;119;136m⠲⠤⠒⠓[48;2;0;51;102m⠊[48;2;34;119;136m⠁[48;2;0;51;102m⠈⠳[48;2;16;22;28m⣷⣷⣤⣄⡀⠀⠀⠀⠀⠀⠀⠀⠀⠀⠀⠀⠀⠀⠀⠀⠀⠀⠀⠀⠀⠀⠀⠀⠀⠀⠀⠀⠀⠀⠀⠀⠀⠀⠀⠀⠀⠀⠀[0m
[38;2;255;255;255m[48;2;16;22;28m⠀⠀⠀⠀⠀⠀⠀⠀⠀[38;2;225;225;225m⠙[38;2;190;190;190m⣷⠀⠀⠀⠀⠀⠀⠀⠀⠀⠀⠀[38;2;225;225;225m⠈⢆⠀⠀⠀[38;2;90;140;90m⣩[48;2;0;51;102m⡆⢾⡤⡲[38;2;0;0;0m[48;2;119;170;85m⠒[38;2;255;255;255m[48;2;34;119;136m⢦⡤⡀⠀⠀[48;2;0;51;102m⠀⠀[48;2;34;119;136m⠀[48;2;119;170;85m⠀[38;2;0;0;0m⠈⠉⠀[38;2;225;225;225m[48;2;34;119;136m⠑[48;2;0;51;102m⠔⠢⣀⠀⠀⠀⠀⠀[48;2;34;119;136m⠀⠀⠀[48;2;0;51;102m⠀⠀⠀[48;2;16;22;28m⠀⠀[48;2;0;51;102m⠀[48;2;16;22;28m⠀⠀⠀[48;2;0;51;102m⠀[38;2;255;128;80m⢀[48;2;112;36;28m⠔⠁⠀⠀⠀⠀⠀⠀[38;2;255;255;255mS[38;2;255;128;80m⠢[48;2;0;51;102m⣀[48;2;34;119;136m⠀⠀⠀⠀⠀⠀⠀⠀⠀⠀⠀⠀[48;2;0;51;102m⠀⠀⠀[48;2;16;22;28m⠀⠀[38;2;225;225;225m⣠[48;2;0;51;102m⠜⠀[48;2;119;170;85m⠀⠀[48;2;34;119;136m⠀[48;2;0;51;102m⠀⠀⠀⠀[48;2;16;22;28m⠀⠉[38;2;200;180;160m⠙[38;2;225;225;225m⠻⣿⣷⣄⡀⠀⠀⠀⠀⠀⠀⠀⠀⠀⠀⠀⠀⠀⠀⠀⠀⠀⠀⠀⠀⠀⠀⠀⠀⠀⠀⠀⠀⠀⠀⠀⠀⠀⠀⠀[0m
[38;2;255;255;255m[48;2;16;22;28m⠀⠀⠀⠀⠀⠀⠀⠀⠀[38;2;225;225;225m⢠⣿⠀⠀⠀⠀⠀⠀⠀⠀⠀⠀⠀⠀⢸[38;2;90;140;90m⢀⡄[38;2;120;160;200m⢠[38;2;90;140;90m⣇[38;2;0;0;0m[48;2;119;170;85m⣴⠿[38;2;255;255;255m[48;2;34;119;136m⠳⢟[38;2;0;0;0m[48;2;119;170;85m⣯⡤⣔⢳⡶⢤[48;2;34;119;136m⠀⠀[48;2;119;170;85m⠀[48;2;34;119;136m⠀[48;2;119;170;85m⠀[48;2;34;119;136m⠀⠀[48;2;0;51;102m⠀⠀[48;2;16;22;28m⠀[48;2;0;51;102m⠀[38;2;225;225;225m⢣⠀⠀⠀[48;2;119;170;85m⠀⠀⠀⠀⠀[48;2;34;119;136m⠀[38;2;255;128;80m[48;2;16;22;28mFlash F[38;2;255;255;255m[48;2;112;36;28mlood Warning · [38;2;255;128;80m[48;2;16;22;28mSEVERE[48;2;119;170;85m⠀⠀⠀[48;2;34;119;136m⠀⠀⠀⠀[38;2;225;225;225m⣀[48;2;16;22;28m⠔⠁⠀⠀[48;2;0;51;102m⠀[48;2;34;119;136m⠀⠀[48;2;0;51;102m⠀⠀⠀[48;2;16;22;28m⠀⠀⠀⠀⠀[38;2;200;180;160m⠈⠙[38;2;225;225;225m⡿⡏⠀⠀⠀⠀⠀⠀⠀⠀⠀⠀⠀⠀⠀⠀⠀⠀⠀⠀⠀⠀⠀⠀⠀⠀⠀⠀⠀⠀⠀⠀⠀⠀⠀⠀⠀[0m
[38;2;255;255;255m[48;2;16;22;28m⠀⠀⠀⠀⠀⠀⠀⠀⠀[38;2;190;190;190m⢿[38;2;225;225;225m⡇⠀⠀⠀⠀⠀⠀⠀⠀⠀⠀⠀⡤⠊[38;2;90;140;90m⢰⣿⠻⣏[38;2;0;0;0m[48;2;221;170;34m⠑[48;2;119;170;85m⠀⠀[48;2;221;170;34m⢈[48;2;255;221;119m⡏⢩[48;2;221;170;34m⡇[48;2;119;170;85m⢩⠛⠚⠀⠀⠀[48;2;34;119;136m⠀⠀⠀⠀[48;2;0;51;102m⠀⠀⠀[38;2;225;225;225m⢘[48;2;16;22;28m⡍⠀[48;2;0;51;102m⠀⠀[48;2;119;170;85m⠀[48;2;221;170;34m⠀⠀[48;2;119;170;85m⠀[38;2;0;0;0m⡠⠤[38;2;255;255;255m[48;2;34;119;136m⡀[48;2;119;170;85m⠀⠀⠀⠀⠀[38;2;255;128;80m[48;2;112;36;28m⢔⡁⠀⠀⠀⠀⠀⠀⠀⠀⠀⠀⠀⢀[38;2;0;0;0m[48;2;221;170;34m⠔⠁⠀⠀⠀⠀[48;2;119;170;85m⠀⠀⠀⠀⠀⠀⠀⡠[38;2;225;225;225m[48;2;34;119;136m⠜⠀[38;2;255;255;255m⢀[38;2;90;140;90m[48;2;16;22;28m⣀[48;2;0;51;102m⣀⡠⢤[38;2;255;255;255m[48;2;34;119;136m⡄[48;2;119;170;85m⠀⠀[38;2;90;140;90m[48;2;0;51;102m⡀⠀[48;2;16;22;28m⠀⠀⠀⠀⠀⠀[38;2;225;225;225m⢠⢧⠃⠀⠀⠀⠀⠀⠀⠀⠀⠀⠀⠀⠀⠀⠀⠀⠀⠀⠀⠀⠀⠀⠀⠀⠀⠀⠀⠀⠀⠀⠀⠀⠀⠀⠀⠀[0m
[38;2;255;255;255m[48;2;16;22;28m⠀⠀⠀⠀⠀⠀⠀⠀⠀[38;2;225;225;225m⢸[38;2;190;190;190m⣷⠀⠀⠀⠀⠀⠀⠀⠀⠀⠀⠀[38;2;225;225;225m⣓⣄[38;2;90;140;90m⠈⠑⣹⠙[38;2;0;0;0m[48;2;221;170;34m⢦⣀⣏⡁[48;2;255;221;119m⠀⠀[48;2;221;170;34m⠉[48;2;119;170;85m⠁⠀⠀⠀⠀⠀[48;2;34;119;136m⠀[48;2;0;51;102m⠀⠀⠀⠀[48;2;16;22;28m⠀⠀[38;2;225;225;225m⡸⠉⠉⠉⠊[38;2;0;0;0m[48;2;119;170;85m⠊[48;2;221;170;34m⠉[48;2;119;170;85m⠒[38;2;255;255;255m[48;2;34;119;136m⠺[38;2;0;0;0m[48;2;119;170;85m⡲[48;2;221;170;34m⠒⡹⠑⡆[38;2;225;225;225m[48;2;34;119;136m⣀⠀[48;2;119;170;85m⠀⠀[38;2;255;255;255m[48;2;34;119;136m⠈[38;2;0;0;0m[48;2;119;170;85m⠑[38;2;255;128;80m[48;2;112;36;28m⠤⡀⠀⠀⠀⠀⠀⠀⠀[38;2;0;0;0m[48;2;119;170;85m⡔⠁[48;2;221;170;34m⠀⠀⠀[48;2;119;170;85m⠀⠀[48;2;34;119;136m⠀[48;2;119;170;85m⠀⠀⠀⠀⠀⡠⠒⠁⠀⠀[38;2;255;255;255m[48;2;34;119;136m⢸[38;2;90;140;90m[48;2;0;51;102m⣌⣀⠀⠰[38;2;255;255;255m[48;2;34;119;136m⠷[38;2;0;0;0m[48;2;119;170;85m⠒⠉[38;2;90;140;90m[48;2;0;51;102m⠈⢱[48;2;16;22;28m⠀⠀⠀⠀⠀[38;2;255;255;255mRand⠀⠀⠀⠀⠀⠀⠀⠀⠀⠀⠀⠀⠀⠀⠀⠀⠀⠀⠀⠀⠀⠀⠀⠀⠀⠀⠀⠀⠀⠀⠀⠀⠀⠀⠀[0m
[38;2;255;255;255m[48;2;16;22;28m⠀⠀⠀⠀⠀⠀⠀⠀⠀[38;2;225;225;225m⣸[38;2;190;190;190m⡿⠀⠀⠀⠀⠀⠀⠀⠀⠀⠀⠀[38;2;225;225;225m⠣⠤⣀⠀[38;2;90;140;90m⠓⠳[38;2;0;0;0m[48;2;255;221;119m⡤⣾[48;2;221;170;34m⡼⡂⠀⠀⠀[48;2;119;170;85m⠀⠀⠀[48;2;34;119;136m⠀⠀⠀[48;2;0;51;102m⠀[48;2;16;22;28m⠀⠀⠀⠀⠀[38;2;225;225;225m⠘⢅⠀⠀⠀⠀⠀⠀⠀[48;2;34;119;136m⠀[38;2;255;255;255m⠈[38;2;0;0;0m[48;2;119;170;85m⠉[48;2;221;170;34m⠀⠀⠈[38;2;225;225;225m[48;2;34;119;136m⠈[48;2;0;51;102m⠑[48;2;34;119;136m⡆⠀[48;2;221;170;34m⠀⠀⠀[38;2;0;0;0m⠈[38;2;255;128;80m[48;2;112;36;28m⠢⡀⠀⠀⠀[38;2;0;0;0m[48;2;221;170;34m⡠[48;2;119;170;85m⠊⡰⡧[48;2;34;119;136m⠀⠀[48;2;119;170;85m⠀⠀⠀[38;2;225;225;225m[48;2;34;119;136m⢠[38;2;0;0;0m[48;2;119;170;85m⠞⠉⠊⠉⠉⠀⠀⠀⠀[48;2;34;119;136m⠀⠀[38;2;90;140;90m[48;2;0;51;102m⠉⠈[48;2;16;22;28m⠑[48;2;0;51;102m⣄⠀⠀⠀⠀⠈[48;2;16;22;28m⢆⡀⠀⠀⠀⠀[38;2;225;225;225m⣇⡇⠀⠀⠀⠀⠀⠀⠀⠀⠀⠀⠀⠀⠀⠀⠀⠀⠀⠀⠀⠀⠀⠀⠀⠀⠀⠀⠀⠀⠀⠀⠀⠀⠀⠀⠀⠀[0m
[38;2;255;255;255m[48;2;16;22;28m⠀⠀⠀⠀⠀⠀[38;2;225;225;225m⢠[38;2;190;190;190m⡾[38;2;225;225;225m⣯⡾[38;2;190;190;190m⠁⠀⠀⠀⠀⠀⠀⠀⠀⠀⠀⠀⠀⠀[38;2;225;225;225m⢘⠄⠀⠀[48;2;221;170;34m⠀[38;2;0;0;0m[48;2;255;221;119m⣇⠬⠇⠀[48;2;221;170;34m⠀⠀[48;2;119;170;85m⠀[48;2;34;119;136m⠀⠀⠀[48;2;0;51;102m⠀[48;2;16;22;28m⠀⠀⠀⠀⠀⠀⠀⠀[38;2;225;225;225m⡠⠃⠀⠀⠀⠀⠀⠀⠀⠀⠀⠀⠀[48;2;0;51;102m⠀⠀[48;2;34;119;136m⠀[38;2;0;0;0m[48;2;119;170;85m⠈⠓[48;2;221;170;34m⠦[48;2;255;221;119m⣠⡀[48;2;221;170;34m⡀[48;2;255;221;119m⠀[38;2;255;128;80m[48;2;16;22;28mS[48;2;112;36;28m⠢[38;2;0;0;0m[48;2;221;170;34m⡠[48;2;119;170;85m⠊⠀[48;2;34;119;136m⠀[38;2;255;255;255m⠉⠁⠀[48;2;0;51;102m⠀⠀⠀⠀[38;2;225;225;225m[48;2;34;119;136m⢸⠀⠀⠀[48;2;119;170;85m⠀⠀⠀[48;2;34;119;136m⠀⠀⠀⠀⠀⠀[48;2;16;22;28m⠀⠀[38;2;90;140;90m⠘⢆⠀⠀⠀⠀⠀⣈⠆⠀⠀⠀[38;2;225;225;225m⠘⣷[38;2;120;160;200m⣦[38;2;225;225;225m⡀⠀⠀⠀⠀⠀⠀⠀⠀⠀⠀⠀⠀⠀⠀⠀⠀⠀⠀⠀⠀⠀⠀⠀⠀⠀⠀⠀⠀⠀⠀⠀⠀⠀⠀[0m
[38;2;255;255;255m[48;2;16;22;28m⠀⠀⠀⠀⠀⠀[38;2;225;225;225m⢸⣧⠏⠀⠀⠀⠀⠀⠀⠀⠀⠀⠀⠀⠀⠀⠀⡠⠇⠀⠀⠀[48;2;255;221;119m⠀⠀⠀⠀[48;2;221;170;34m⠀⠀⠀[48;2;34;119;136m⠀⠀[48;2;0;51;102m⠀[48;2;16;22;28m⠀⠀⠀⠀⠀⠀⠀⠀⠀⢸⠀⠀⠀⠀⠀⠀⠀⠀⠀⠀⠀⠀⠀⠀[48;2;0;51;102m⠀[48;2;119;170;85m⠀⠀[48;2;221;170;34m⠀⠀[48;2;255;221;119m⠀[38;2;0;0;0m[48;2;221;170;34m⠉⠈⠑⢲⠀⠀[48;2;119;170;85m⠀[48;2;221;170;34m⠀⠀⠀[48;2;119;170;85m⠀[48;2;34;119;136m⠀⠀[48;2;0;51;102m⠀⠀[48;2;119;170;85m⠀⢸⡀[48;2;34;119;136m⠀[48;2;119;170;85m⠀⠀⠀⠀[48;2;34;119;136m⠀⠀⠀[48;2;0;51;102m⠀⠀[48;2;16;22;28m⠀⠀⠀⠀⠀[38;2;90;140;90m⢱⢀⢀⣰⠞⠀⠀⠀⠀⠀⠀[38;2;225;225;225m⠈⠙[38;2;120;160;200m⢿[38;2;225;225;225m⣢⡀⠀⠀⠀⠀⠀⠀⠀⠀⠀⠀⠀⠀⠀⠀⠀⠀⠀⠀⠀⠀⠀⠀⠀⠀⠀⠀⠀⠀⠀⠀⠀⠀[0m
[38;2;255;255;255m[48;2;16;22;28m⠀⠀⠀⠀⠀⠀[38;2;225;225;225m⠈⢿[38;2;190;190;190m⡆⠀⠀⠀⠀⠀⠀⠀⠀⠀⠀⠀⠀[38;2;255;255;255mWayne⠀⠀[48;2;221;170;34m⠀⠀⠀[48;2;119;170;85m⠀⠀⠀[48;2;34;119;136m⠀[48;2;0;51;102m⠀[48;2;16;22;28m⠀⠀⠀⠀⠀⠀⠀⠀⠀⠀⠀[38;2;225;225;225m⠈⠒⢄⠀⠀⠀⠀⠀⠀⠀⠀⠀⠀[48;2;0;51;102m⠀[48;2;34;119;136m⠀[48;2;119;170;85m⠀⠀[48;2;34;119;136m⠀[48;2;221;170;34m⠀⠀⠀⠀⠀⠀[38;2;0;0;0m⠘[48;2;255;221;119m⢄⠀⠀[48;2;221;170;34m⠀⠀⠀[48;2;119;170;85m⠀⠀[48;2;34;119;136m⠀⠀⠀[48;2;119;170;85m⠀⠀⢣⠀⠀[48;2;34;119;136m⠀⠀⠀⠀[48;2;0;51;102m⠀[48;2;34;119;136m⠀⠀⠀⠀[48;2;0;51;102m⠀[48;2;16;22;28m⠀⠀⠀[38;2;90;140;90m⠈⠁⠉⠀⠀⠀⠀⠀⠀⠀⠀⠀⠀⠀[38;2;225;225;225m⠙[48;2;24;44;72m⣟[48;2;16;22;28m⣦⡀⠀⠀⢀⡴⣞[38;2;200;180;160m⠟⠻[38;2;225;225;225m⣧⠀[38;2;120;160;200m⢀[38;2;225;225;225m⣠⢤⣄⠀⠀⠀⠀⠀⠀⠀⠀⠀⠀⠀⠀⠀⠀⠀⠀⠀[0m
[38;2;255;255;255m[48;2;16;22;28m⠀⠀⠀⠀⠀⠀⠀[38;2;190;190;190m⣸[38;2;225;225;225m⡇⠀⠀⠀⠀⠀⠀⠀⠀⠀⠀⠀⢠⠔⠉⠁⠀⠀⠀⠀[48;2;34;119;136m⠀[48;2;0;51;102m⠀[48;2;34;119;136m⠀⠀[48;2;16;22;28m⠀⠀⠀⠀⠀⠀⠀⠀⠀⠀⠀⠀⠀⠀⠀⠀⠀⡎⠀⠀⠀⠀⠀⠀⠀⠀⠀⠀[48;2;0;51;102m⠀[48;2;34;119;136m⠀[48;2;119;170;85m⠀⠀[48;2;34;119;136m⠀⠀⠀⠀⠀[48;2;119;170;85m⠀[48;2;255;221;119m⠀⠀[48;2;221;170;34m⠀[38;2;0;0;0m[48;2;255;221;119m⠉⢢[48;2;221;170;34m⠀⠀⠀[48;2;119;170;85m⠀[48;2;34;119;136m⠀⠀⠀⠀[38;2;225;225;225m⢀[38;2;0;0;0m[48;2;119;170;85m⠔⠊⠀⠀⠀[48;2;34;119;136m⠀⠀[48;2;0;51;102m⠀⠀⠀⠀⠀⠀⠀[48;2;16;22;28m⠀⠀⠀⠀⠀⠀⠀⠀⠀⠀⠀⠀⠀⠀⠀⠀⠀⠀[38;2;225;225;225m⠈⠻⢾⣶⡶⡞[38;2;200;180;160m⠋⠀⠀⠀⠙[38;2;225;225;225m⠛⠋[38;2;200;180;160m⠉⠁[48;2;24;44;72m⢿[38;2;225;225;225m[48;2;16;22;28m⣀⠀⠀⠀⠀⠀⠀⠀⠀⠀⠀⠀⠀⠀⠀⠀⠀[0m
[38;2;255;255;255m[48;2;16;22;28m⠀⠀⠀⠀⠀⠀[38;2;225;225;225m⣀[38;2;190;190;190m⡟⠀⠀⠀⠀⠀⠀⠀⠀⠀⠀⠀[38;2;225;225;225m⣀⠎⠀⠀⠀⠀⠀⠀⠀[48;2;34;119;136m⠀[48;2;0;51;102m⠀⠀[48;2;16;22;28m⠀⠀⠀⠀⠀⠀⠀[38;2;87;239;176m[48;2;33;86;97mm⠤⠤⠤⠤m⠤⠤⠤⠤m⠬⡦⠤⠤m⠤⠤⠤⠤[48;2;16;22;28mm⠀⠀[48;2;0;51;102m⠀⠀⠀[48;2;34;119;136m⠀⠀⠀⠀⠀[48;2;119;170;85m⠀[48;2;255;221;119m⠀⠀⠀[48;2;221;170;34m⠀[38;2;0;0;0m⠐⡅⠀⠀[48;2;119;170;85m⠀⠀[48;2;34;119;136m⠀⠀[48;2;119;170;85m⠀⢸⠀⠀⠀⠀[38;2;226;230;239m[48;2;16;22;28mU[48;2;107;105;101m⠤⠤⠤⠤[38;2;255;255;255mU[38;2;226;230;239m⠤⠤⠤⠤[38;2;255;255;255mU[38;2;226;230;239m⠤⠤⠤⠤[38;2;255;255;255mU[38;2;226;230;239m⠤⠤⠤⠤[38;2;255;255;255mU[38;2;226;230;239m⠤[48;2;16;22;28m⢤⠀⠀⠀⠀⠀⠀⠀⠀⠀⠀[38;2;225;225;225m⠓⢆⠀⠀⠀⠀⠀⠀⠀⠀⠀[38;2;200;180;160m⠉[38;2;225;225;225m⠛⠶⠤⠶[48;2;24;44;72m⢶[48;2;16;22;28m⣄⠀⠀⠀⠀⠀⠀⠀⠀⠀⠀[0m
[38;2;255;255;255m[48;2;16;22;28m⠀⠀⠀[38;2;190;190;190m⣶⠚[38;2;225;225;225m⠻⡿⠀⠀⠀⠀⠀⠀⠀⠀⠀⢀⣀⠼⠀⠀⠀⠀⠀⠀⠀⠀⠀[48;2;34;119;136m⠀[48;2;0;51;102m⠀⠀[48;2;16;22;28m⠀⠀⠀⠀⠀⠀⠀[38;2;87;239;176m[48;2;33;86;97m⡇⠀⠀⠀⠀⠀⠀⠀⠀⠀⠀⠀[38;2;225;225;225m⢸⠀⠀⠀⠀⠀⠀⠀[38;2;87;239;176m[48;2;16;22;28m⡇⠀⠀[38;2;90;140;90m[48;2;0;51;102m⢀⣴⣦[38;2;255;255;255m[48;2;34;119;136m⣤⡀⠀⠀⠀[48;2;119;170;85m⠀[48;2;221;170;34m⠀⠀⠀[48;2;255;221;119m⠀[48;2;221;170;34m⠀[38;2;0;0;0m⠘[48;2;119;170;85m⠤[48;2;221;170;34m⣠⣀[48;2;119;170;85m⡠[48;2;221;170;34m⠒⢄[48;2;119;170;85m⠀⣸⠀⠀[48;2;34;119;136m⠀[48;2;119;170;85m⠀[38;2;226;230;239m[48;2;107;105;101m⢸⠀⠀⠀⠀⠀⠀⠀⠀⠀⠀⠀⠀⠀⠀⠀⠀⠀⠀⠀⠀⠀⢸[48;2;16;22;28m⠀⠀⠀⠀⠀⠀⠀⠀⠀⠀⠀[38;2;225;225;225m⠈⠉⡗⠀⠀⠀⠀⠀⠀⠀⠀⠀⠀⠀⠀⠀[38;2;200;180;160m⣿⠀⠀⠀⠀⠀⠀⠀⠀⠀[38;2;225;225;225m⣀[0m
[38;2;255;255;255m[48;2;16;22;28m⠀⠀⠀[38;2;190;190;190m⢹[38;2;200;180;160m⡇⠀[38;2;225;225;225m⠸⡀⠀⠀⠀⠀⠀⠀⠀⣰⠁⠀⠀⠀⠀⠀⠀⠀⠀⠀⠀[38;2;90;140;90m⢀[38;2;255;255;255m[48;2;34;119;136m⠶[38;2;90;140;90m[48;2;0;51;102m⠤⣠[48;2;16;22;28m⡀⠀⠀⠀⠀⠀⠀[38;2;87;239;176m[48;2;33;86;97m⡇⠀⠀⠀⠀⠀⠀⠀⠀⠀⠀[38;2;225;225;225m⢀⠎⠀⠀⠀⠀⠀⠀⠀[38;2;87;239;176m[48;2;16;22;28m⡇⠀⠀[38;2;90;140;90m[48;2;0;51;102m⠬⣿⡬[38;2;255;255;255m[48;2;34;119;136m⣿[38;2;90;140;90m[48;2;0;51;102m⡅⠀⠀[48;2;16;22;28m⠀[48;2;0;51;102m⠀⠀[48;2;34;119;136m⠀[48;2;221;170;34m⠀⠀⠀⠀⠀⠀[38;2;0;0;0m⠈⠀[48;2;255;221;119m⠀⠈[48;2;221;170;34m⠒[48;2;119;170;85m⠓⡄[48;2;34;119;136m⠀⠀⠀[38;2;226;230;239m[48;2;107;105;101m⢸⠀⠀⠀⠀⠀⠀⠀⠀⠀⠀⠀⠀⠀⠀⠀⠀⠀⠀⠀⠀⠀⢸[48;2;16;22;28m⠀⠀⠀⠀⠀⠀⠀⠀⠀⠀⠀⠀⠀[38;2;225;225;225m⡇⠀⠀⠀⠀⠀⠀⠀⠀⠀⠀⠀⠀⠀[38;2;200;180;160m⠈⢳[38;2;225;225;225m⡄⠀⠀⠀⠀⠀⠀⢸[38;2;200;180;160m⡎[0m
[38;2;255;255;255m[48;2;16;22;28m⠀⠀⠀⠀[38;2;190;190;190m⢷⣤[38;2;200;180;160m⡀[38;2;225;225;225m⠈⠒⢼⠑⠱⠤⠖⠉⠁⠀⠀⠀⠀⠀⠀⠀⠀⠀⠀⠀[38;2;90;140;90m⣸[38;2;255;255;255m[48;2;34;119;136m⢀[38;2;120;160;200m[48;2;0;51;102m⣿[48;2;16;22;28m⡄[38;2;90;140;90m⠳⡤⣄⢀⠀⣠⠀[38;2;87;239;176m[48;2;33;86;97m⡇⠀⠀⠀⠀⠀⠀⠀⠀⠀⠀[38;2;225;225;225m⣈⠶⠀⠀⠀⠀⠀⠀⠀[38;2;87;239;176m[48;2;16;22;28m⡇⠀⠀⠀[38;2;90;140;90m⠚⠹⣯⠀⠀⠀⠀⠀⠀⠀[48;2;0;51;102m⠀[48;2;34;119;136m⠀[48;2;221;170;34m⠀⠀[48;2;255;221;119m⠀⠀⠀⠀⠀⠀⠀[48;2;221;170;34m⠀[38;2;0;0;0m[48;2;119;170;85m⢓[38;2;225;225;225m[48;2;34;119;136m⠄⠀⠀[38;2;226;230;239m[48;2;107;105;101m⢸⠀⠀⠀⠀⠀⠀⠀⠀⠀⠀⠀⠀⠀⠀⠀⠀⠀⠀⠀⠀⠀⢸[48;2;16;22;28m⠀⠀⠀⠀⠀⠀⠀⠀⠀⠀⠀⠀[38;2;225;225;225m⠘⢆⣠⢄⡠⠤⣀⡀⠀⠀⠀⠀⠀⠀⠀⠀[38;2;200;180;160m⠈⠻[38;2;225;225;225m⣵⣄⡀⠀⠀⢀⡼[38;2;200;180;160m⠉[0m
[38;2;255;255;255m[48;2;16;22;28m⠀⠀⠀⠀Louisa⠀⠀⠀⠀⠀⠀⠀⠀⠀⠀⠀⠀⠀⠀⠀⠀[38;2;90;140;90m⠐⡇[38;2;0;0;0m[48;2;119;170;85m⠰[38;2;255;255;255m[48;2;34;119;136m⡟⢿[38;2;120;160;200m[48;2;16;22;28m⣦⣤⣤[38;2;90;140;90m⣹⣴⢻⡄[38;2;87;239;176m[48;2;33;86;97m⡇⠀⠀⠀⠀⠀⠀⠀⠀⠀[38;2;225;225;225m⠘⠤⡄⠀⠀⠀⠀⠀⠀⠀[38;2;87;239;176m[48;2;16;22;28m⡇⠀⠀⠀⠀⠀⠀⠀⠀⠀⠀⠀[48;2;0;51;102m⠀⠀⠀[48;2;119;170;85m⠀[48;2;221;170;34m⠀[48;2;255;221;119m⠀⠀⠀⠀⠀⠀⠀⠀[48;2;221;170;34m⠀[38;2;0;0;0m[48;2;119;170;85m⡳[48;2;34;119;136m⠀⠀[48;2;0;51;102m⠀[38;2;226;230;239m[48;2;107;105;101m⢸⠀⠀⠀⠀⠀⠀⠀⠀⠀⠀⠀⠀⠀⠀⠀⠀⠀⠀⠀⠀⠀[38;2;255;255;255mU[48;2;16;22;28m⠀⠀⠀⠀⠀⠀⠀⠀⠀⠀⠀⠀⠀⠀⠀⠀⠀⠀⠀[38;2;225;225;225m⡇⠀⠀⠀⠀⠀⠀⠀⠀⠀⠀⠀[38;2;200;180;160m⠉⠛[38;2;225;225;225m⠓⠲⠾[38;2;200;180;160m⠃⠀[0m
[38;2;120;160;200m[48;2;16;22;28m⣄⠀⠀⠀[38;2;225;225;225m⡤⡧⡤[38;2;200;180;160m⠳⡈[38;2;190;190;190m⣆[38;2;225;225;225m⠱⣀⠀⠀⠀⠀⠀⠀⠀⠀⠀⠀⠀⠀⠀⠀[38;2;90;140;90m⣰⠛[48;2;34;119;136m⠀[38;2;255;255;255m⠁⠐[38;2;120;160;200m[48;2;16;22;28m⢿⠾⣇⡄⠁⠀[38;2;87;239;176mF[48;2;33;86;97mlood Advisory · MINO[48;2;16;22;28mR[38;2;90;140;90m⢀⣄⣀⣰⣲⣢⡀⠀⠀⠀⠀[48;2;0;51;102m⠀⠀[48;2;34;119;136m⠀[48;2;119;170;85m⠀[48;2;221;170;34m⠀⠀⠀⠀⠀⠀⠀⠀[48;2;119;170;85m⠀[38;2;0;0;0m⠘[38;2;225;225;225m[48;2;0;51;102m⢄[38;2;226;230;239m[48;2;16;22;28mHyd[38;2;255;255;255m[48;2;107;105;101mrologic Outlook · UNKNO[38;2;226;230;239m[48;2;16;22;28mWN⠀⠀⠀⠀⠀⠀⠀⠀⠀⠀⠀⠀⠀⠀⠀⠀⠀[38;2;225;225;225m⡣⠀⠀⠀⠀⠀⠀⠀⠀⠀⠀⠀⠀⠀⠀⠀⠀⠀⠀[0m
[38;2;120;160;200m[48;2;16;22;28m⠙⠒[38;2;225;225;225m⡠⠊⢀⡇⡱[38;2;200;180;160m⢀⠇[38;2;190;190;190m⠙⣄⠀[38;2;225;225;225m⠉⡆⠀⠀⠀⠀⠀⠀⠀⠀⠀⠀⠀⠀[38;2;90;140;90m⢵⣀⣀⠀⠀[38;2;120;160;200m⡞⠃⠈⠳⡖[48;2;24;44;72m⣶[48;2;16;22;28m⡇[38;2;87;239;176m[48;2;33;86;97m⡏[38;2;255;255;255m⣶⠀⠀⠀⠀⠀⠀⠀⠀⠀⠀⠀[38;2;225;225;225m⢱⠀⠀⠀⠀⠀⠀[38;2;87;239;176m[48;2;16;22;28m⡇[38;2;90;140;90m⠙⢼⡅⠈⢉⣈⠢⠒⠤⠏⡆⠀⠀[48;2;34;119;136m⠀[48;2;119;170;85m⠀⠀⠀⠀⠀[48;2;34;119;136m⠀⠀⠀⠀⠀[48;2;0;51;102m⠀[38;2;225;225;225m⢸[48;2;34;119;136m⠆[48;2;16;22;28m⠀[48;2;0;51;102m⠀[38;2;226;230;239m[48;2;107;105;101m⢸⠀⠀⠀⠀⠀⠀⠀⠀⠀⠀⠀⠀⠀⠀⠀⠀⠀⠀⠀⠀⠀⢸[48;2;16;22;28m⠀⠀⠀⠀⠀⠀⠀⠀⠀⠀⠀⠀⠀⠀⠀⠀⠀⠀[38;2;225;225;225m⠘⣄⠀⠀⠀⠀⠀⠀⠀⠀⠀⠀⠀⠀⠀⠀⠀⠀⠀⠀[0m
[38;2;225;225;225m[48;2;16;22;28m⣀⡰⠁⠀⣸⠒[38;2;200;180;160m⢡⠊⠀⠀[38;2;190;190;190m⠈⠫⢦[38;2;225;225;225m⡕⠀⠀⠀⠀⠀⠀⠀⠀⠀⠀⠀⠀⠀[38;2;90;140;90m⠉⢽⠁⠀[38;2;120;160;200m⠁⠀⠀⠀⠀⠉⠀[38;2;87;239;176m[48;2;33;86;97m⡇[38;2;255;255;255m⢸⣤⣠⠄⠀⠀⠀⠀⠀⠀⠀⠀[38;2;225;225;225m⢸⡀⠀⠀⠀⠀⠀[38;2;87;239;176m[48;2;16;22;28m⡇⠀[38;2;90;140;90m⠈⠳⠔⣩⢟⠀⠀⢀⣠⠃⠀⠀⠀[48;2;34;119;136m⠀⠀⠀⠀[48;2;0;51;102m⠀[48;2;34;119;136m⠀⠀[48;2;0;51;102m⠀⠀⠀[38;2;225;225;225m[48;2;16;22;28m⢀⡞⠓⢤⠀[38;2;226;230;239m[48;2;107;105;101m⢸⠀⠀⠀⠀⠀⠀⠀⠀⠀⠀⠀⠀⠀⠀⠀⠀⠀⠀⠀⠀⠀⢸[48;2;16;22;28m⠀⠀⠀⠀⠀⠀⠀⠀⠀⠀⠀⠀⠀⠀⠀⠀⠀⠀⠀[38;2;225;225;225m⢘⡄⠀⠀⠀⠀⠀⠀⠀⠀⠀⠀⠀⠀⠀⠀⠀⠀⠀[0m
[38;2;255;255;255m[48;2;16;22;28m⠀⠀⠀[38;2;225;225;225m⢀⡱⠀[38;2;200;180;160m⢈⡆⠀⠀⠀⠀[38;2;190;190;190m⠘[38;2;225;225;225m⢷⠀⠀⠀⠀⠀⠀⠀⠀⠀⠀⠀⠀⠀⠀[38;2;90;140;90m⢼⡠⣤⢄⠀⠀⠠⣄⠀⠀[38;2;87;239;176m[48;2;33;86;97m⡇⠀[38;2;255;255;255m⡖⠺⡇⠀⠀⠀⠀⠀⠀⠀⠀⠀[38;2;225;225;225m⢧⣀⠀⠀⠀⠀[38;2;87;239;176m[48;2;16;22;28m⡇⠀⠀⠀⠀[38;2;90;140;90m⠉⠀⠱⢦⡎⠁⠀⠀⠀⠀⠀⠀⠀⠀[48;2;0;51;102m⠀[48;2;16;22;28m⠀⠀⠀[38;2;225;225;225m⢀⠤⠞⠀⠀⠣⢄[38;2;226;230;239m[48;2;107;105;101m⣸⠀⠀⠀⠀⠀⠀⠀⠀⠀⠀⠀⠀⠀⠀⠀⠀⠀⠀⠀⠀⠀⢸[48;2;16;22;28m⠀⠀⠀⠀⠀⠀⠀⠀⠀⠀⠀⠀⠀⠀⠀⠀⠀⠀⠀⠀[38;2;225;225;225m⣽⠀⠀⠀⠀⠀⠀⠀⠀⠀⠀⠀⠀⠀⠀⠀⠀⠀[0m
[38;2;255;255;255m[48;2;16;22;28m⠀⠀[38;2;225;225;225m⢠⡟[38;2;200;180;160m⢠⣊⠁⠀⠀⠀⠀⠀⠀[38;2;190;190;190m⠈⡆⠀⠀⠀⠀⠀⠀⠀⠀⠀⠀⠀⠀⠀⠀⠀[38;2;90;140;90m⠈⠻⠒⠢⣼⠑⣷⣀[38;2;87;239;176m[48;2;33;86;97m⣇[38;2;255;255;255m⢤⠽⠃⠙⠂⠀⠀⠀⠀⠀⠀⠀⠀⠀[38;2;225;225;225m⠠⣃⠀⠀⠀[38;2;87;239;176m[48;2;16;22;28m⡇⠀⠀⠀⠀⠀⠀⠀⠀⠀⠀⠀⠀⠀⠀⠀⠀⠀⠀⠀⠀⠀⠀[38;2;225;225;225m⡞⠀⠀[48;2;0;51;102m⠀[48;2;16;22;28m⠀⠀⠐[38;2;226;230;239m[48;2;107;105;101m⢽[38;2;225;225;225m⢄⣀⠀⠀⠀⠀⠀⠀⠀⠀⠀⠀⠀⠀⠀⠀⠀⠀⠀⠀⠀[38;2;255;255;255mU[48;2;16;22;28m⠀⠀⠀⠀⠀⠀⠀⠀⠀⠀⠀⠀⠀⠀⠀⠀⠀⠀⠀⠀[38;2;225;225;225m⠈⢱⠀⠀⠀⠀⠀⠀⠀⠀⠀⠀⠀⠀⠀⠀⠀⠀[0m
[38;2;255;255;255m[48;2;16;22;28m⠀⠀[38;2;225;225;225m⢸⠀⠀[38;2;200;180;160m⢀⠇⠀⠀⠀⠀⠀⠀⠀[38;2;190;190;190m⠑⣄⠀⠀⠀⠀⠀⠀⠀⠀⠀⠀⠀⠀⠀⠀⠀⠀⠀⠀⠀⠀⠀[38;2;90;140;90m⠁[38;2;87;239;176m[48;2;33;86;97mm[38;2;255;255;255m⠇⠀⠀⠀⠀⠀⠀⠀⠀⠀⠀⠀⠀⠀⠀⠀[38;2;225;225;225m⠓⠒⠤[38;2;87;239;176m[48;2;16;22;28mm⠀⠀⠀⠀⠀⠀⠀⠀⠀⠀⠀⠀⠀⠀⠀⠀⠀⠀⠀⠀⠀⠀[38;2;225;225;225m⡇⠀[48;2;34;119;136m⠀⠀[48;2;16;22;28m⠀⠀⠀[38;2;255;255;255m[48;2;107;105;101mU⠀[38;2;225;225;225m⠸⡀⠀⠀⠀⠀⠀⠀⠀⠀⠀⠀⠀⠀⠀⠀⠀⠀⠀⠀[38;2;226;230;239m⢸[48;2;16;22;28m⠀⠀⠀⠀⠀⠀⠀⠀⠀⠀⠀⠀⠀⠀⠀⠀⠀⠀⠀⠀⠀[38;2;225;225;225m⠈⢢⠀⠀⠀⠀⠀⠀⠀⠀⠀⠀⠀⠀⠀⠀⠀[0m
[38;2;200;200;200m[48;2;16;22;28m├─────────────────────┤ 20 km[38;2;90;140;90m⣤[38;2;255;170;80m14:28Z stale[38;2;87;239;176m⠉⠉⠉⠉m⠉⠉⠉⠉m⠉⠉⠉⠉m⠉⠉[38;2;225;225;225m⠑⠢⣀⠶⠤⡀⠀⠀⠀⠀⠀⠀⠀⠀⠀⠀⠀⠀⠀⠀⣠⠖⠁⠀⠀⠀⠀⠀⠀[38;2;226;230;239m⠈⠉⠉U⠩⢏⡉⠉U[38;2;160;160;160mOpenFreeMap (c) OpenMapTiles Data from OpenStreetMap[0m
