Specimen 33 (D-64, option C) · truecolor · 149x38 · five alerts, one a severity: word in the label, a severity letter on the outline every few cells (E S M m U), solid outline · the dash key: five long boxes, no radar · centre 38.301,-81.950 z8.05 · status complete
[38;2;90;140;90m[48;2;16;22;28m⠋⠘⢿⣋⠀⠉⠀⣝[38;2;225;225;225m⢳[38;2;90;140;90m⡦⣀⣀⠈⠻⣓⠚⢱⣂⡖⣟⡷⣦⠀⠀⠀⠀⠀⠀⠀⠀⠈⡁⣓⣲⡆⢀⣀⣰⠚⠀⠀⠀⠀⠀⠀⡶[38;2;225;225;225m⣄⠀⣀⡀⠀⠀[38;2;190;190;190m⢀⣿[38;2;225;225;225m⠃⠀⠀⠀⠀⠀⠀⠀⠀⠀⠀⠀⠀⠀⠀⣾[38;2;120;160;200m⠊⠀⠀⠀⠀⠀⠀⠀⠀⠀⠀⠀⠀⠀⠀⠀⠀⠀⠀⠀⠀⠀⠀⠀⠀⠀⠀⠀⠀⠀⠀⠀⠀[38;2;225;225;225m⢸⠀⠀⠀⠀[38;2;90;140;90m⠻⠿⠋⠁⠀⠀⠀⠀⠀⠀⠀⠀⠀⠀⠀⠀⠀⠀⠀[38;2;225;225;225m⡱⠀⠀⠀⠀⠀⠀⠀⠀⠀⠀⠀⠀⠀⠀⠀⠀⠀⠀⠀⠀⠀[0m
[38;2;90;140;90m[48;2;16;22;28m⠁⠀⠀⢨⠇⠀⣀⡈[38;2;225;225;225m⠙[38;2;90;140;90m⢿⣽⡿⣱⠒⠞⠃⢹⡗⠀⠉⠑⠃⠀⠀⠀⠀⠀⠀⠀⠀⠐⠻⣅⡇⠉⠉[38;2;255;110;200m[48;2;109;31;112m⢸⠉[38;2;255;255;255mE[38;2;255;110;200m⠉⠉⠉⣩[38;2;255;255;255mE[38;2;255;110;200m⣟⣛⣛⣿[38;2;255;255;255mE[38;2;255;110;200m⣿⣿⠿⠟[38;2;255;255;255mE[38;2;255;110;200m⠉⠉⠉⠉[38;2;255;255;255mE[38;2;255;110;200m⠉⠉⠉⠉[38;2;255;255;255mE[38;2;255;110;200m⠉⠉⠉⠉[38;2;255;255;255mE[38;2;255;110;200m⢿⡉⠉⠉[38;2;255;255;255mE[38;2;255;110;200m⠉⠉⠉⠉[38;2;255;255;255mE[38;2;255;110;200m⠉⠉⠉⠉[38;2;255;255;255mE[38;2;255;110;200m⠉⠉⠉⠉[38;2;255;255;255mE[38;2;255;110;200m⠉⠉⠉⠉[38;2;255;255;255mE[38;2;255;110;200m⠉⠉⠉⠉[38;2;255;255;255mE[38;2;255;110;200m⠉⠉⠉⠉[38;2;255;255;255mE[38;2;255;110;200m⠉⠉⠉⠉[38;2;255;255;255mE[38;2;255;110;200m⠉⠉⠉[48;2;16;22;28m⡇⠀⠀⠀⠀⠀⠀⠀⠀⠀⠀⠀⠀⠀⠀[38;2;225;225;225m⠓⡆⠀⠀⠀⠀⠀⠀⠀⠀⠀⠀⠀⠀⠀⠀⠀⠀⣀⡀⠀⠀[0m
[38;2;90;140;90m[48;2;16;22;28m⣤⠀⢀⡟⠀⠀⠓⠗⠀[38;2;225;225;225m⠸⡀[38;2;90;140;90m⠹⠏⠀⠀⠀⠀⠀⠀⠀⠀⠀⠀⠀⠀⠀⠀⠀⠀⠀⠀⠀⠀⠀⠀⠀[38;2;255;255;255m[48;2;109;31;112mE⠀⠀⠀⠀[38;2;225;225;225m⢠[38;2;190;190;190m⡿[38;2;225;225;225m⡏[38;2;200;180;160m⠉⠀⠀⠀⠀[38;2;255;255;255m⠘⠃⠀⠀⠀⠀⠀⠀⠀⠀⠀⠀⠀⠀⠀⠀⠀⠀⠀[38;2;225;225;225m⢇[38;2;120;160;200m⠘⢵⡀⠀⠀⠀⠀⠀⠀⠀⠀⠀⠀⠀⠀⠀⠀[38;2;255;255;255m⡀⠀⠀⠀⠀⠀⠀⠀⠀⠀⠀⠀⠀⠀⠀⠀⠀[38;2;225;225;225m⢸⠀⠀⠀⠀⠀⠀⠀⠀[38;2;255;110;200m[48;2;16;22;28m⡇⠀⠀⠀⠀⠀⠀⠀⠀⠀⠀⠀⠀⠀⠀⠀[38;2;225;225;225m⢮⠀⠀⠀⠀⠀⠀⠀⠀⠀⢀⠤⠤⠊⠑⠉[38;2;90;140;90m⠻⠋⣯⣹[38;2;225;225;225m⣦[0m
[38;2;190;190;190m[48;2;16;22;28m⠾[38;2;90;140;90m⢿[38;2;225;225;225m⣿⢤⡀⠀⠀⠀⣀⠜⠀⠀⠀⠀⠀⠀⠀⠀⠀⠀⠀⠀⠀⠀⠀⠀⠀⠀⠀⠀⠀⠀⠀⠀⠀⠀[38;2;255;110;200m[48;2;109;31;112m⢸⠀⠀⠀⠀[38;2;225;225;225m⢀[38;2;190;190;190m⣷[38;2;225;225;225m⠃⠀⠀⠀⠀⠀⠀⠀⠀⠀⠀⠀⠀⠀⠀⠀⠀⠀⠀⠀⠀⠀⠀⠀⠀⠘⠤⣀[38;2;255;255;255mEXTREME⠀⠀⠀⠀⠀⢀⠔⠼⠷⠢⡀⠀⠀⠀⠀⠀⠀⠀⠀⠀⠀⠀⠀⠀⠀[38;2;225;225;225m⠈⡇⠀⠀⠀⠀⠀⠀⠀[38;2;255;110;200m[48;2;16;22;28m⡇⠀⠀⠀⠀⠀⠀⠀⠀⠀⠀⠀⠀⠀⠀⠀⠀[38;2;225;225;225m⠉⢆⠀⠀⠀⠀⠀⡤⠊⠁⠀⠀[38;2;90;140;90m⢶⠔⣺⠀⠀⠀⠈⠑[0m
[38;2;225;225;225m[48;2;16;22;28m⠶⠦[38;2;255;255;255mIronton⠀⠀⠀⠀⠀⠀⠀⠀⠀⠀⠀⠀⠀⠀⠀⠀⠀⠀⠀⠀⠀⠀⠀⠀⠀⠀⠀[38;2;255;110;200m[48;2;109;31;112m⢸⠀⠀⠀⠀[38;2;190;190;190m⣸[38;2;225;225;225m⡟⠀⠀⠀⠀⠀⠀⠀⠀⠀⠀⠀⠀⠀⠀⠀⠀⠀⠀⠀⠀⠀⠀⠀⠀⠀⠀⠀⠀⠉⠢[38;2;120;160;200m⣝⢦⡀⠀⠀⠀⣰⣖⣦⡄[38;2;255;255;255m⢻⠀⠀⠀⠀⠈⠢⡀⠀⠀⠀⠀⠀⠀⠀⠀⠀⠀⠀⠀[38;2;225;225;225m⡰⠁⠀⠀⠀⠀⠀⠀⠀[38;2;255;110;200m[48;2;16;22;28mE⠀⠀⠀⠀⠀⠀⠀⠀⠀⠀⠀⠀⠀⠀⠀⠀⠀[38;2;225;225;225m⠈⢆⣠⠖⠒⠊⠁⠀[38;2;90;140;90m⣄⢄⠔⠁⠻⡀⠀⣀⠀⡄⠀[0m
[38;2;255;255;255m[48;2;16;22;28m⠀⠀⠀⠀[38;2;225;225;225m⢻[38;2;190;190;190m⣷[38;2;200;180;160m⣌[38;2;225;225;225m⢢⠀⠀⠀⠀⠀⠀⠀⠀⠀⠀⠀⠀⠀⠀⠀⠀⠀⠀⠀⠀⠀⠀⠀⠀⠀⠀⠀⠀[38;2;255;110;200m⢸[48;2;109;31;112m⣀⣀⣀[38;2;255;255;255mE[38;2;255;110;200m⣿⣀⣀⣀[38;2;255;255;255mE[38;2;255;110;200m⣀⣀⣀⣀[38;2;255;255;255mE[38;2;255;110;200m⣀⣀⣀⣀[38;2;255;255;255mE[38;2;255;110;200m⣀⣀⣀⣀[38;2;255;255;255mE[38;2;255;110;200m⣀⣀⣀⣀[38;2;255;255;255mE[38;2;255;110;200m⣀⣀⣀⣀[38;2;255;255;255mE[38;2;255;110;200m⣀⣀⣀⣉[38;2;255;255;255mE[38;2;255;110;200m⣳⣶⣝⣉[38;2;255;255;255mE[38;2;255;110;200m⣀⣹⣧⣀[38;2;255;255;255mE[38;2;255;110;200m⣀⣀⣀⣀[38;2;255;255;255mE[38;2;255;110;200m⣄⣀⣀⣀[38;2;255;255;255mE[38;2;255;110;200m⣀⣀⣀⣀[38;2;255;255;255mE[38;2;255;110;200m⣀⣀⣇⣀[38;2;255;255;255mE[38;2;255;110;200m⣀⣀⣀⣀[38;2;255;255;255mE[38;2;255;110;200m⣀[48;2;16;22;28m⡇⠀⠀⠀⠀⠀⠀⠀⠀⠀⠀⠀⠀⠀⠀[38;2;225;225;225m⢀⣀⣀⣀⠜⠁⠀⠀⠀⠀⠀[38;2;90;140;90m⠉⢛⡗⠀⠀⠈⠷⠓⢺⠼⠂[0m
[38;2;255;255;255m[48;2;16;22;28m⠀⠀⠀⠀⠀[38;2;225;225;225m⢻[38;2;200;180;160m⣿⣦[38;2;225;225;225m⡇⠀⠀⠀⠀⠀⠀⠀⠀⠀⠀⠀⠀⠀⠀⠀⠀⠀⠀⠀⠀⠀⠀⠀⠀⠀⠀⠀⠀⠀⠀⠀⢸[48;2;24;44;72m⣿[48;2;16;22;28m⠀⠀⠀⠀⠀⠀⠀⠀⠀⠀⠀⠀⠀⠀⠀⠀⠀⠀⠀⠀⠀⠀⠀⠀⠀⠀⠀⠀⠀⠀⠀⠀⠀⠀⡇⡎⠀⠀⠀⠀⠀⠈⣯[38;2;90;140;90m⢣⡴⣒⠉⠁⠀⠀⠀⠀⠀⠀⠀⠀⠀⠀⠀⠀⠀[38;2;225;225;225m⡇⠀⠀⠀⠀⠀⠀⠀⠀⠀⠀⠀⠀⠀⠀⠀⠀⠀⠀⠀⠀⢀⠔⠚⠉⠀⠀⠧⡀⠀⠀⠀⠀⠀⠀⠀⠀⡵⠴⡄[38;2;90;140;90m⡠⠊⠋⠋⠀⠀[0m
[38;2;255;255;255m[48;2;16;22;28m⠀⠀⠀⠀⠀⠀[38;2;225;225;225m⠙⣿⣿[38;2;190;190;190m⣄⡀⠀⠀⠀⠀⠀⠀⠀⠀⠀⠀⠀⠀⠀⠀⠀⠀⠀⠀⠀⠀⠀⠀⠀⠀⠀⠀⠀⠀⠀[38;2;225;225;225m⣸[38;2;190;190;190m⡟⠀⠀⠀⠀⠀⠀⠀⠀⠀⠀⠀⠀⠀⠀[38;2;90;140;90m⢀⣴⢛⡵⠀⠀⠀⠀⠀⠀⠀⠀⠀⠀⠀⠀⠀⠀⠀[38;2;225;225;225m⢰⣃⠇⠀⠀⠀⠀⠀⠀⢫[38;2;120;160;200m⣮[38;2;90;140;90m⠛⠚⠁⠀⠀⠀⠀⠀⠀⠀⠀⠀⠀⠀⠀⠀⠀[38;2;225;225;225m⡇⠀⠀⠀⠀⠀⠀⠀⠀⠀⠀⠀⠀⠀⠀⠀⠀⠀⡀⣀⣠⠏⠀⠀[38;2;255;255;255mClendenin[38;2;170;215;255m⢀[38;2;225;225;225m⡠⣄⢠⠜⠀⠫⠞[38;2;170;215;255m⢳[38;2;225;225;225m⠊⠉⢉⢣[0m
[38;2;255;255;255m[48;2;16;22;28m⠀⠀⠀⠀⠀⠀⠀⠀[38;2;225;225;225m⣸⠋⠻[38;2;190;190;190m[48;2;24;44;72m⣷[38;2;225;225;225m[48;2;16;22;28m⣤⡀⠀⠀⠀⠀⠀⠀⠀⠀⠀⠀⠀⠀⠀⠀⠀⠀⠀⠀⠀⠀⠀⠀[38;2;255;128;80m⢀⣀⣀S[48;2;112;36;28m⣿[48;2;16;22;28m⣸⣀⣀S⣀⣀⣀⣀S⣀⣀⣀⣀S⣀⣘⣢⣀S⣀⣀⣀⣀S⣀⣀⣀⣀S⣀⣀⣀⣀S⣠⣊⣲⣄S⣀⣀⣀⣀S⣎⣱⣄⣀S⣀⣀⣀⣀S⣀⣀⣀⣀S⣀⣀⣀⣇S⣀⣀⣀⣀S⣀⣀⡀⠀⠀⠀⠀⠀[38;2;225;225;225m⢀⠔⠉⠈⠀⠀⠀⢀⡤⠤⠶[38;2;170;215;255m⠋[38;2;120;160;200m⠁⠀⠀⠀⠀[38;2;225;225;225m⠙⢮⠕⠀⠉⠀⠀⠀⠀[38;2;170;215;255m⢜⡤⡶[38;2;90;140;90m⢛⡱[0m
[38;2;255;255;255m[48;2;16;22;28m⠀⠀⠀⠀⠀⠀[38;2;225;225;225m⡠⠋⠀⠀⠀⠘[38;2;190;190;190m[48;2;24;44;72m⣿[38;2;225;225;225m[48;2;16;22;28m⡿⡀⠀⠀⠀⠀⠀⠀⠀⠀⠀⠀⠀⠀⠀⠀⠀⠀⠀⠀⠀⢀⡠[38;2;255;128;80m[48;2;112;36;28m⢼[38;2;225;225;225m⠤⠔[38;2;190;190;190m⣺[38;2;200;180;160m⣿[38;2;225;225;225m⠗⡄⠀⠀⠀⠀⠀⠀⠀⠀⠀⠀⠀⠀⠀⠀[38;2;255;255;255m⠈⠉⠀⠀⠀⠀⠀⠀⠀⠀⠀⠀⠀[38;2;225;225;225m⣀⣤⠤⠤⠤⢤⣃⣀⣻⣠⠤⣤⣀⡀⠀⣠[38;2;120;160;200m⡿⠁⠀⠀⠀⠀⠀⠀⠀⠀⠀⠀⠀⠀⠀⠀⠀[38;2;225;225;225m⠱⡀⠀⠀⠀⠀⠀⠀⠀[38;2;255;128;80m[48;2;16;22;28mS⠀⠀⠀[38;2;225;225;225m⢠⠔⠁⠀⢀⡔⠉⠳⠖⠚[38;2;170;215;255m⠁⠀⠀⠀⠀⠀⠀⠀⠀⠀⠀⠀⠀⠀⠀⠀⠀⠀⠀⢼[38;2;90;140;90m⠬⢅[38;2;170;215;255m⡀[0m
[38;2;255;255;255m[48;2;16;22;28m⠀⠀⠀⠀[38;2;225;225;225m⢀⠼⠀⠀⠀⠀⠀⠀[48;2;24;44;72m⣿[38;2;190;190;190m[48;2;16;22;28m⡇[38;2;225;225;225m⢣⠀⠀⠀⠀⠀⠀⠀⠀⠀⠀⠀⢀⠀⠀[38;2;190;190;190m⢀⣠⣴[38;2;225;225;225m⣦⣖[38;2;190;190;190m⣡⣤[38;2;255;128;80m[48;2;112;36;28m⣼[38;2;200;180;160m⣤⡶⠛⠁⠀[38;2;225;225;225m⢸⠀⠀⠀⠀⠀⠀⠀[38;2;200;180;160m⢀⠤⠒⢒[38;2;225;225;225m⣄⡠⠤⣤⣄⡀⠀⠀⠀⠀⠀⠀⢀⡠⣔⣊⣥[38;2;200;180;160m⠴[38;2;225;225;225m⠶⠮⠭⠭[38;2;200;180;160m⠤[38;2;225;225;225m⠝⠫[38;2;200;180;160m⠤⠒⠒⠢[38;2;225;225;225m⢽⠟⣿⡀⠀⠀⠀⠀⠀⠀⠀⠀⠀⠀⠀⠀⠀⠀⠀⠀⠀⢹⡄⠀⠀⠀⠀⠀⠀[38;2;255;128;80m[48;2;16;22;28m⡇⠀[38;2;225;225;225m⢰⠋⠁⢀⡶⠶⠛[38;2;120;160;200m⠁⠀⠀⠀⠀⠀⠀⠀⠀⠀⠀⠀⠀⠀⠀⠀⠀⠀⠀⠀⠀⠀⠀⠀[38;2;170;215;255m⣪⣗⢪⠛[0m
[38;2;255;255;255m[48;2;16;22;28m⠀⠀⠀[38;2;225;225;225m⢠⠃⠀⠀⠀⠀⠀⠀⠀⠸[38;2;190;190;190m⣿[38;2;200;180;160m⣄[38;2;225;225;225m⢣⡀⠀⠀⠀⠀⢀[38;2;255;255;255mHuntington[38;2;225;225;225m⠿⣟[38;2;200;180;160m⠋⣉[38;2;255;128;80m[48;2;112;36;28m⣹[38;2;200;180;160m⢤[38;2;225;225;225m⠶⠖⠒⢦⣼⠀⢀⣀⣤⣔⢞⠯⠛⠛⠛⠉⠙⠛⠛[38;2;200;180;160m⠒⢌[38;2;225;225;225m⡉⢖⣄⣀⣀⣤⣾⣋⣩⡋⠀⠀[38;2;255;255;255mSEVERE⠀⠀⠀⠀⠀⠀[38;2;200;180;160m⣿[38;2;225;225;225m⢠⠃⠓⠢⡀⠀⠀⠀⠀⠀⠀⠀⠀⠀⠀⠀⠀⠀⠀⠀⣀⠇⠀⠀⠀⠀⠀⠀[38;2;255;128;80m[48;2;16;22;28m⣧[38;2;225;225;225m⠒⠁⠀⠀⣸[38;2;170;215;255m⠇⠀⠀⠀⠀⠀⠀⠀⠀⠀⠀⠀⠀⠀⠀⠀⠀⠀⠀⠀⠀⠀⠀⠀⠀⠀⠀⠉⠘⠃⠀[0m
[38;2;255;255;255m[48;2;16;22;28m⠀⠀[38;2;225;225;225m⢔⠁⠀⠀⠀⠀⠀⠀⠀⠀⠀⣿⣻[38;2;200;180;160m⣷[38;2;225;225;225m⣭⣢⣤⣒⣮⣽⡾⣟⣯[38;2;200;180;160m⠟[38;2;225;225;225m⠋⢹[38;2;200;180;160m⠉[38;2;225;225;225m⣇⠀⠀⠀⠛⣛⠟[38;2;255;255;255m[48;2;112;36;28mS[38;2;225;225;225m⠓⠒⠒⠒⠉⠛⠛⠓⠉⠉⠈⠁⠀⠀⠀⠀⠀⠀⠀⠀⠀⠀[38;2;200;180;160m⠈⠑⠒⠒⠚⠉⠀⠀[38;2;225;225;225m⠈⠓⠉⠒⠒⠒⠒⠒⠤⣀⠀⠀⠀⠀⠀⠀[38;2;200;180;160m⣿[38;2;225;225;225m⣧⠀⠀⠀⠈⢆⡀⠀⠀⠀⠀⠀⠀⠀⠀⠀⠀⠀⠀⠀⠙⢆⠀⠀⣠⢴⡒⠒[38;2;255;128;80m[48;2;16;22;28m⣧[38;2;225;225;225m⣤⡤⠴⠞⠋⠀⠀⠀⠀⠀⠀⠀⠀⠀⠀⠀⠀⠀⠀⠀⠀⠀⠀⠀⠀⠀⠀⠀⠀⠀⠀⠀⠀⠀⠀⠀[0m
[38;2;225;225;225m[48;2;16;22;28m⢄⣀⡸⠀⠀⠀⠀⠀⢀⣀⡀⠀⣠[38;2;190;190;190m⣯[38;2;200;180;160m⢋[38;2;225;225;225m⣫⠽⠿⠟⠛⠛⠛⠉⠁⠀⠉⢱⠞⠤⠚⠛⠒⢏⣉⠀⣀[38;2;255;128;80m⠸[48;2;112;36;28m⠤⠤[38;2;255;255;255mS[38;2;255;128;80m⠤⠤⠤⠤[38;2;255;255;255mS[38;2;255;128;80m⠤⠤⠤⠤[38;2;255;255;255mS[38;2;255;128;80m⠤⠤⠤⠤[38;2;255;255;255mS[38;2;255;128;80m⠤⠤⠤⠤[38;2;255;255;255mS[38;2;255;128;80m⠤⠤⠤⠤[38;2;255;255;255mS[38;2;255;128;80m⠤⠤⠤⠤[38;2;255;255;255mS[38;2;255;128;80m⠤⠤⠤⠤[38;2;255;255;255mS[38;2;255;128;80m⠤⠤⠵⠶[38;2;255;255;255mS[38;2;255;128;80m⠵⠶⠮⠭[38;2;255;255;255mS[38;2;255;128;80m⢷⣶⣦⣤[38;2;255;255;255mS[38;2;255;128;80m⠬⣧⠤⠤[38;2;255;255;255mS[38;2;255;128;80m⠤⠤⠤⠤[38;2;255;255;255mS[38;2;255;128;80m⠤⠤⠤⠤[38;2;255;255;255mS[38;2;255;128;80m⢾⠤⢤⣿[38;2;255;255;255mS[38;2;255;128;80m⠿⠾[48;2;16;22;28m⠇⠀⠀⠀⠀⠀⠀⠀⠀⠀⠀⠀⠀⠀⠀⠀⠀⠀⠀⠀⠀⠀⠀⠀⠀⠀⠀⠀⠀⠀⠀⠀⠀⠀⠀⠀⠀[0m
[38;2;255;255;255m[48;2;16;22;28m⠀⠀[38;2;225;225;225m⠙⢤⣠⠤⠖⠚⠉⠉⠉⠉⣹[38;2;190;190;190m⣿[38;2;225;225;225m⡗⠁⠀⠀⠀⠀⠀⠀⠀⠀⠀⠀⢸⠀⠀⠀⠀⠀⠀⠀⠉⠀⠉⠒⠱⡀⠀⠀⠀⠀⠀⠀⠀⠀⠀⠀⠀⠀⠀⠀⠀⠀⠀⠀⠀⠀⠀⠀⠀⠀⠀⠀⠀⠀⠀⠀⠀⠀⠀⠀⠀⠀⠀⠀⠀⠀⠀⠀⠀⠀⠀⠀⠀[38;2;200;180;160m⠉⠛[38;2;225;225;225m⠻[38;2;255;255;255mSouth Charleston[38;2;225;225;225m⣱⠏⠁⠀⠀⠀⠀⠀⠀⠀⠀⠀⠀⠀⠀⠀⠀⠀⠀⠀⠀⠀⠀⠀⠀⠀⠀⠀⠀⠀⠀⠀⠀⠀⠀⠀⠀⠀⠀⠀⠀⠀⠀[0m
[38;2;225;225;225m[48;2;16;22;28m⠒⠒⠉⠉⠁⠀⠀⠀⠀⠀⠀⠀⡇[38;2;190;190;190m⣿[38;2;225;225;225m⠁⠀⠀⠀⠀⠀⠀⠀⠀⠀⠀⠀⠀⡇⠀⠀⠀⠀⠀⠀⠀⠀⠀⠀⠀⠸⣆⠀⠀⠀⠀⠀⠀⠀⠀⠀⠀⠀⠀⠀⠀⠀⠀⠀⠀⠀⠀⠀⠀⠀⠀⠀⠀⠀⠀⠀⠀⠀⠀⠀⠀⠀⠀⠀⠀⠀⠀⠀⠀⠀⠀⠀⠀⠀⠀⠀⠀⠀⠙⢤⣽⣾⡿⠿⠊⠉⠙⠳⣦⣷⣶⡞⠋⠀⠀⠀⠀⠀⠀⠀⠀⠀⠀⠀⠀⠀⠀⠀⠀⠀⠀⠀⠀⠀⠀⠀⠀⠀⠀⠀⠀⠀⠀⠀⠀⠀⠀⠀⠀⠀⠀⠀⠀⠀⢔[0m
[38;2;255;255;255m[48;2;16;22;28m⠀⠀⠀⠀⠀⠀⠀⠀⠀⠀⠀⠀[38;2;225;225;225m⠑[38;2;190;190;190m⠻[38;2;225;225;225m⣦⡀⠀⠀⠀⠀⠀⠀⠀⠀⠀⠀⢀⡇⠀⠀⠀[38;2;90;140;90m⢳⠓⣄⠀⠀[38;2;255;214;90m⢠[48;2;104;78;18m⠤M⠤⠭⠯⠵M⣤⡤⠤⡤M⠤⠤⠤⠤M⠤⠤⠤⠤M⠤⠤⠤⠤M⠤⠤⠤⠤M⠤⠤⠤⠤M⠤⠤⠤⠤M⠤⠤⠤⠤M⠤⠤⠤⠤M⠤⠤⠤⠤M⠬⠥⠤⡤M⠤⠶⠴⠮M⢯⣿⣧⣤M⠤⠤⠤[48;2;16;22;28m⡄⠀⠀⠀⠀⠀⠀⠀⠀⠀⠀⠀⠀⠀⠀⠀⠀⠀⠀⠀⠀⠀⠀⠀⠀⠀⠀⠀⠀⠀⠀⠀⠀⠀⠀[38;2;225;225;225m⢠⠊[0m
[38;2;255;255;255m[48;2;16;22;28m⠀⠀⠀⠀⠀⠀⠀⠀⠀⠀⠀⠀⠀⠀[38;2;225;225;225m⠹⣿⡄⠀⠀⠀⠀⠀⠀⠀⠀⠀⠈⠢⡀⠀⠀[38;2;90;140;90m⢙⡆⢼⡤⣢[38;2;255;214;90m[48;2;104;78;18mM[38;2;255;255;255m⣤⣀⠀⠀⠀⠀⠀⠀[38;2;225;225;225m⠈⠉⠁⠳⠤⢤⡀⠀⠀⠀⠀⠀⠀⠀⠀⠀⠀⠀⠀⠀⠀⠀⠀⠀⠀⠀⠀⠀⠀⠀⠀⠀⠀⠀⠀⠀⠀⠀⠀⠀⠀⠀⠀⠀⠀⠀⠀⠀⠀⠀⠀⡸⠀⠀⠀⠀⠀⠀⠀⠀[38;2;200;180;160m⠉⠛[38;2;225;225;225m⠿⣻⣳⣄⣀[38;2;255;214;90m[48;2;16;22;28m⡇⠀⠀⠀⠀⠀⠀⠀⠀⠀⠀⠀⠀⠀⠀⠀⠀⠀⠀⠀⠀⠀⠀⠀⠀⠀⠀⠀⠀⠀⠀⠀⠀⠀⠀[38;2;225;225;225m⣇⠀[0m
[38;2;255;255;255m[48;2;16;22;28m⠀⠀⠀⠀⠀⠀⠀⠀⠀⠀⠀⠀⠀⠀[38;2;225;225;225m⢀⣿⠃⠀⠀⠀⠀⠀⠀⠀⠀⠀⠀⢰⠁[38;2;90;140;90m⣄[38;2;120;160;200m⢀[38;2;90;140;90m⣧⣴⠟⠳⢿[38;2;255;214;90m[48;2;104;78;18m⢿[38;2;255;255;255m⡤⡾⣶⢦⡀⠀⠀⠀⠀⠀⠀⠀⠀⠀[38;2;225;225;225m⠙⢢⠀⠀⠀⠀⠀⠀⠀⠀⠀⠀⠀⠀⠀⠀⠀⠀⠀[38;2;255;214;90mMODERATE⠀⠀⠀⠀⠀⠀⠀⠀⠀⠀⠀⠀⠀⠀⠀⠀[38;2;225;225;225m⡠⠊⠀⠀⠀⠀⠀⠀⠀⠀⠀⠀⠀⠀⠀[38;2;200;180;160m⠉[38;2;225;225;225m⢿⢿[38;2;255;214;90m[48;2;16;22;28m⡇⠀⠀⠀⠀⠀⠀⠀⠀⠀⠀⠀⠀⠀⠀⠀⠀⠀⠀⠀⠀⠀⠀⠀⠀⠀⠀⠀⠀⠀⠀⠀⠀⠀[38;2;225;225;225m⢠⠎⠀[0m
[38;2;255;255;255m[48;2;16;22;28m⠀⠀⠀⠀⠀⠀⠀⠀⠀⠀⠀⠀⠀⠀[38;2;190;190;190m⢸[38;2;225;225;225m⣏⠀⠀⠀⠀⠀⠀⠀⠀⠀⠀⢠⠜[38;2;90;140;90m⢰⣿[38;2;120;160;200m⠟[38;2;90;140;90m⢏⠑⠀⢀⣘[38;2;255;214;90m[48;2;104;78;18m⢿[38;2;255;255;255m⢹⢈⡝⠛⠃⠀⠀⠀⠀⠀⠀⠀⠀⠀[38;2;225;225;225m⣹⠁⢀⡀⠀⠀⠀⠀[38;2;255;255;255m⡠⠤⡀⠀⠀⠀⠀⠀⠀⠀⠀⠀⠀⠀⠀⠀⠀⠀⠀⠀⠀⠀⠀⠀⠀⠀⠀⠀⠀⠀⠀⠀⠀[38;2;225;225;225m⡴⠋⠀[38;2;255;255;255m⣀⣠⠤⠒⡆⠀⠀⣀⠀⠀⠀⠀⠀⠀⠀[38;2;225;225;225m⡼⡜[38;2;255;214;90m[48;2;16;22;28mM⠀⠀⠀⠀⠀⠀⠀⠀⠀⠀⠀⠀⠀⠀⠀⠀⠀⠀⠀⠀⠀⠀⠀⠀⠀⠀⠀⠀⠀⠀⠀⠀[38;2;225;225;225m⢰⠁⠀⠀[0m
[38;2;255;255;255m[48;2;16;22;28m⠀⠀⠀⠀⠀⠀⠀⠀⠀⠀⠀⠀⠀⠀[38;2;225;225;225m⢰[38;2;190;190;190m⣿⠀⠀⠀⠀⠀⠀⠀⠀⠀⠀[38;2;225;225;225m⢸⣤⠀[38;2;90;140;90m⠙⣹⠛⠧⣄⣯⠅[38;2;255;214;90m[48;2;104;78;18m⢸⠀[38;2;255;255;255m⠉⠀⠀⠀⠀⠀⠀⠀⠀⠀⠀⠀[38;2;225;225;225m⢠⠃⠉⠁⠉⠑⠉⠙[38;2;255;255;255m⠺⡒[38;2;225;225;225m⠒[38;2;255;255;255m⡹[38;2;225;225;225m⠱⣂⣀⠀⠀⠀⠀⠀⠀⠀⠀⠀⠀⠀⠀⠀⠀⠀⠀⠀⠀⠀⠀⠀⣀⠀⢀⢀⠖⠉⠀⠀⠀[38;2;255;255;255m⢗⣠⢀⠐⠗⠊⠉⠈⢱⠀⠀⠀⠀Rand[38;2;255;214;90m[48;2;16;22;28m⡇⠀⠀⠀⠀⠀⠀⠀⠀⠀⠀⠀⠀⠀⠀⠀⠀⠀⠀⠀⠀⠀⠀⠀⠀⠀⠀⠀⠀⠀⠀⠀⠀[38;2;225;225;225m⡎⠁⠀⠀[0m
[38;2;255;255;255m[48;2;16;22;28m⠀⠀⠀⠀⠀⠀⠀⠀⠀⠀⠀⠀⠀[38;2;225;225;225m⡀⣸[38;2;190;190;190m⡿⠀⠀⠀⠀⠀⠀⠀⠀⠀⠀[38;2;225;225;225m⠈⠖⠢⡀[38;2;90;140;90m⠈⠙⠖⡳⢹⡀[38;2;255;214;90m⠘⠒M⠒⠒⠒⠒M⠒⠒⠒⠒M⠒⠓⢖⠒M⠒⠒⠒⠒M[38;2;255;255;255m⠚⠛[38;2;255;214;90m⠒⠒M⠚⠲⣒⠒M⠒⠒⠒⠒M⠒⠒⠒⠒M⡗⠒⠒⠒M⠒⡞⠒⠛M⠓⠒⠒⠒M⠒⠒⠒⠛M⡖⠒⠒⠒M⠶⣖⠒⠒M⠺⣾⠒⠃⠀⠀⠀⠀⠀⠀⠀⠀⠀⠀⠀⠀⠀⠀⠀⠀⠀⠀⠀⠀⠀⠀⠀⠀⠀⠀⠀⠀⠀⠀⠀⠀[38;2;225;225;225m⢱⠀⠀⠀[0m
[38;2;255;255;255m[48;2;16;22;28m⠀⠀⠀⠀⠀⠀⠀⠀⠀⠀⠀[38;2;225;225;225m⢀[38;2;190;190;190m⣾[38;2;225;225;225m⣻[38;2;190;190;190m⠟[38;2;225;225;225m⠁⠀⠀⠀⠀⠀⠀⠀⠀⠀⠀⠀⠀⡠⠃⠀⠀[38;2;90;140;90m⠘⠤⠚⠀⠀⠀⠀⠀⠀⠀⠀⠀⠀⠀⠀⠀⠀⠀[38;2;225;225;225m⡠⠚⠀⠀⠀⠀⠀⠀⠀⠀⠀⠀⠀⠀⠀⠀⠈⠙⠢⢤⣠⡀⠀⠀⠀⠀⠀⠀⠀⠀⠀⠀⠀⠀⢠⠃⠀⠀⠀⠀⠀⠀⠀⠀⠀⠀⠀⠀⠀[38;2;90;140;90m⠱⣄⠀⠀⠀⢠⠼⠀⠀⠀⠀[38;2;225;225;225m⠳[38;2;120;160;200m⡿[38;2;225;225;225m⣦⡀⠀⠀⠀⠀⠀⠀⠀⠀⠀⠀⠀⠀⠀⠀⠀⠀⠀⠀⠀⠀⠀⠀⠀⠀⠀⠀⠀⠀⠀⠀⠀⢸⡀⠀⠀[0m
[38;2;255;255;255m[48;2;16;22;28m⠀⠀⠀⠀⠀⠀⠀⠀⠀⠀⠀[38;2;225;225;225m⠈[38;2;190;190;190m⢿[38;2;225;225;225m⣏⠀⠀⠀⠀⠀⠀⠀⠀⠀⠀⠀⠀[38;2;255;255;255mWayne⠀⠀⠀⠀⠀⠀⠀⠀⠀⠀⠀⠀⠀⠀⠀⠀⠀⠀⠀[38;2;225;225;225m⢸⠀⠀⠀⠀⠀⠀⠀⠀⠀⠀⠀⠀⠀⠀⠀⠀⠀⠀⠀⠀⠈⢙⠄⠀⠀⠀⠀⠀⠀⠀⠀⠀⠀⠸⡄⠀⠀⠀⠀⠀⠀⠀⠀⠀⠀⠀⠀⠀⠀[38;2;90;140;90m⢨⡧⢤⠼⠃⠀⠀⠀⠀⠀⠀[38;2;225;225;225m⠈⠛⢷⣄⠀⠀⠀⠀⠀⠀⣀[38;2;200;180;160m⣤[38;2;225;225;225m⣀⠀⠀⠀⠀⠀⠀⠀⠀⠀⠀⠀⠀⠀⠀⠀⠀⠀⠀⠀⠀⠀⢸⠀⠀⠀[0m
[38;2;255;255;255m[48;2;16;22;28m⠀⠀⠀⠀⠀⠀⠀⠀⠀⠀⠀⠀[38;2;225;225;225m⠈⣿⠀⠀⠀⠀⠀⠀⠀⠀⠀⠀⠀⠀⢠⡕⠀⠀⠀⠀⠀⠀⠀⠀[38;2;87;239;176m⢰[48;2;33;86;97mm⠒⠒⠒⠒m⠒⠒⠒⠒m⠒⠒⠒⢛m⠒⠒⠒⠒m⠒⠒⠒⠒m⠒⠒⠒⠒m⠒⠒⠒⠒m⠓⢶⡒⠒m⠒⠒⠒⠒m⠒⢒⡻⠒m⠒⠒⠒⠒m⠒⠒⠒⠒m⠒⠒⠒⠒m⠒⠒⠒⠒m⠒⠒⠒⠒[48;2;16;22;28mm[38;2;225;225;225m⠈⠺⣗⢄⠀⣀⣤⡾[38;2;200;180;160m⠋⠉⢫[38;2;225;225;225m⣧⣤[38;2;200;180;160m⣴⠞[38;2;225;225;225m⣧⡄⠀⠀⠀⠀⠀⠀⠀⠀⠀⠀⠀⠀⠀⠀⠀⠀⠑⡆⠀[0m
[38;2;255;255;255m[48;2;16;22;28m⠀⠀⠀⠀⠀⠀⠀⠀⠀⠀⠀⠀[38;2;225;225;225m⣸[38;2;190;190;190m⠏⠀⠀⠀⠀⠀⠀⠀⠀⠀⠀⠀[38;2;225;225;225m⡏⠁⠀⠀⠀⠀⠀⠀⠀⠀⠀[38;2;87;239;176m[48;2;33;86;97m⢸⠀⠀⠀⠀⠀⠀⠀⠀⠀⠀⠀⠀⠀⠀[38;2;225;225;225m⠘⢄⠀⠀⠀⠀⠀⠀⠀⠀⠀⠀⠀⠀⠀⠀⠀⠀⠀⠀⠀⠀⠀⠀⢸⠀⠀⠀⠀⠀⠀⠀⢀⠇⠀⠀⠀⠀⠀⠀⠀⠀⠀⠀⠀⠀⠀⠀⠀⠀⠀⠀⠀⠀⠀⠀⠀⠀⠀⠀⠀[38;2;87;239;176m[48;2;16;22;28m⡇⠀⠀[38;2;200;180;160m⠈[38;2;225;225;225m⠛⠛⠛⣏⡀⠀⠀⠀⠀[38;2;200;180;160m⠉⠀⠀⠹[38;2;225;225;225m⠷⣤⣀[38;2;120;160;200m⢀[38;2;225;225;225m⣀⡀⠀⠀⠀⠀⠀⠀⠀⠀⠀⠀⡠⠊⠀⠀[0m
[38;2;255;255;255m[48;2;16;22;28m⠀⠀⠀⠀⠀⠀⠀⠀⠀[38;2;190;190;190m⣠⣤[38;2;225;225;225m⣴[38;2;190;190;190m⡟⠀⠀⠀⠀⠀⠀⠀⠀⠀⠀[38;2;225;225;225m⣔⠊⠀⠀⠀⠀⠀⠀⠀⠀⠀⠀⠀[38;2;87;239;176m[48;2;33;86;97m⢸⠀⠀⠀⠀⠀⠀⠀⠀⠀⠀⠀⠀⠀⠀⠀[38;2;225;225;225m⠘⡄⠀⠀⠀⠀⠀⠀⠀⠀⠀⠀[38;2;255;255;255m⣀⣀⠀⠀⠀⠀⠀⠀[38;2;87;239;176mMINOR⠀⠀⠀[38;2;225;225;225m⣀⡀⠀⢸⠁⠀⠀⠀⠀⠀⠀⠀⠀⠀⠀⠀⠀⠀⠀⠀⠀⠀⠀⠀⠀⠀⠀⠀⠀⠀⠀⠀[38;2;87;239;176m[48;2;16;22;28m⡇⠀⠀⠀⠀⠀⠀⠀[38;2;225;225;225m⠓⠤⡄⠀⠀⠀⠀⠀⠀⠀⠀[38;2;200;180;160m⠉[38;2;225;225;225m⠉[38;2;200;180;160m⠉[48;2;24;44;72m⢻[38;2;225;225;225m[48;2;16;22;28m⡆⠀⠀⠀⠀⠀⠀⠀⠀⠀⢣⠀⠀⠀[0m
[38;2;255;255;255m[48;2;16;22;28m⠀⠀⠀⠀⠀⠀⠀⠀[38;2;225;225;225m⠈[38;2;190;190;190m⢣⠀[38;2;225;225;225m⢘⠄⠀⠀⠀⠀⠀⠀⠀⣀⠔⠉⠁⠀⠀⠀⠀⠀⠀⠀⠀[38;2;90;140;90m⣀⢀⠀⠀[38;2;87;239;176m[48;2;33;86;97mm⠀⠀⠀⠀⠀⠀⠀⠀⠀⠀⠀⠀⠀⠀⠀[38;2;225;225;225m⢀⠇⠀⠀⠀⠀⠀⠀⠀⠀⠀[38;2;255;255;255m⣰⣯⢿⣿⠀⠀⠀⠀⠀⠀⠀⠀⠀⠀[38;2;225;225;225m⠉⠑⠚⠀⠈⠣⢾⡀⠀⠀⠀⠀⠀⠀⠀⠀⠀⠀⠀⠀⠀⠀⠀⠀⠀⠀⠀⠀⠀⠀⠀⠀⠀⠀⠀[38;2;87;239;176m[48;2;16;22;28m⡇⠀⠀⠀⠀⠀⠀⠀⠀[38;2;225;225;225m⢸⠀⠀⠀⠀⠀⠀⠀⠀⠀⠀⠀⠀[38;2;200;180;160m⠈⢳[38;2;225;225;225m⣄⠀⠀⠀⠀⠀⠀⢰⡺[38;2;200;180;160m⠻[38;2;225;225;225m⣆⡀⠀[0m
[38;2;255;255;255m[48;2;16;22;28m⠀⠀⠀⠀⠀⠀⠀⠀⠀[38;2;190;190;190m⢸⣄[38;2;225;225;225m⡈⠒⠤⣀⠤⢤⣀⡠⠖⠃⠀⠀⠀⠀⠀⠀⠀⠀⠀⠀[38;2;90;140;90m⢰⠉[38;2;120;160;200m⣿[38;2;90;140;90m⡹⡄[38;2;87;239;176m[48;2;33;86;97m⣸[38;2;255;255;255m⡀⠀⠀⠀⠀⠀⠀⠀⠀⠀⠀⠀⠀⠀⠀[38;2;225;225;225m⠱⡀⠀⠀⠀⠀⠀⠀⠀⠀⠀[38;2;255;255;255m⠙⠿⣻⡋⠀⠀⠀⠀⠀⠀⠀⠀⠀⠀⠀⠀⠀⠀⠀⠀⠀[38;2;225;225;225m⠧⡄⠀⠀⠀⠀⠀⠀⠀⠀⠀⠀⠀⠀⠀⠀⠀⠀⠀⠀⠀⠀⠀⠀⠀⠀⠀⠀[38;2;87;239;176m[48;2;16;22;28m⡇⠀⠀⠀⠀⠀⠀⠀⠀[38;2;225;225;225m⢎⠀⢀⠀⣀⡀⠀⠀⠀⠀⠀⠀⠀⠀⠀[38;2;200;180;160m⠻[38;2;225;225;225m⣖⡄⠀⠀⠀⠀⣨⠗⠀⠀⣿⣠[0m
[38;2;255;255;255m[48;2;16;22;28m⠀[38;2;120;160;200m⣀⠠⣤⣤⠄⠀⠀⠀⠀[38;2;225;225;225m⢻[38;2;190;190;190m⣏[38;2;200;180;160m⣆[38;2;225;225;225m⣀⣘⠄⠀⠁⠀⠀⠀⠀⠀⠀⠀⠀⠀⠀⠀⠀⠀[38;2;90;140;90m⡏[38;2;120;160;200m⢨⡿⣧⣈[38;2;87;239;176m⣉m⣏⡽⣏⠉m⠉⠉⠉⠉m⠉⠉⠉⢟m⠉⠉⠉⠉m⠉⠉⠉⠉m⠉⠉⠉⠉m⠉⠉⠉⠉m⠉⠉⠉⠉m⠉⠉⠉⠉m⠉⢻⠉⠉m⠉⠉⠉⠉m⠉⠉⠉⠉m⠉⠉⠉⠉m⠉⠉⠉⠉m⠉⠉⠉⠉m⠀⠀⠀⠀⠀⠀⠀⠀⠀[38;2;225;225;225m⠉⠉⠉⠀⠉⢣⠀⠀⠀⠀⠀⠀⠀⠀⠀[38;2;200;180;160m⠈⠙[38;2;225;225;225m⠳⠦⢤⣤⠏⠀⠀⠀[38;2;200;180;160m⠉⠁[0m
[38;2;120;160;200m[48;2;16;22;28m⠶⠾⢷⣿⣆⣄⡀⠀⠀[38;2;255;255;255mLouisa[38;2;225;225;225m⢢⠀⠀⠀⠀⠀⠀⠀⠀⠀⠀⠀⠀⠀⠀[38;2;90;140;90m⢠⠗⠀[38;2;120;160;200m⠁⠸⢿⢼⣭⡉⠁[38;2;90;140;90m⢹⡄⠀⠀⠀⠀⠀⠀⠀⠀⠀⠀[38;2;225;225;225m⠸⡄⠀⠀⠀⠀⠀⠀⠀[38;2;90;140;90m⢀⡀⠀⢠⣤⢄⠀⠀⠀⠀⠀⠀⠀⠀⠀⠀⠀⠀⠀⠀⠀⠀[38;2;225;225;225m⠠⢏⠀⠀⠀⠀⠀⠀⠀⠀⠀⠀⠀⠀⠀⠀⠀⠀⠀⠀⠀⠀⠀⠀⠀⠀⠀⠀⠀⠀⠀⠀⠀⠀⠀⠀⠀⠀⠀⠀⠀⠀⠀⠀⢇⠀⠀⠀⠀⠀⠀⠀⠀⠀⠀⠀⠀⠀⠀⠀⠀⠀⠀⠀⠀⠀[0m
[38;2;120;160;200m[48;2;16;22;28m⣦⣼[48;2;24;44;72m⣾[48;2;16;22;28m⡷⠟⠉⠙⠂[38;2;225;225;225m⡰⠚⢸⢘⠆[38;2;200;180;160m⢸[38;2;190;190;190m⠸[38;2;200;180;160m⣄[38;2;225;225;225m⠉⠉⡆⠀⠀⠀⠀⠀⠀⠀⠀⠀⠀⠀[38;2;90;140;90m⢸⢀⣀⠀[38;2;120;160;200m⢀⡞⠃⠻⢲⣴⡒[38;2;90;140;90m⠙⣶⠆⠀⠀⠀⠀⠀⠀⠀⠀⠀[38;2;225;225;225m⠑⡆⠀⠀⠀⠀⠀⠀[38;2;90;140;90m⠺⣼⡉⠉⢉⡙⠴⠢⠾⢲⠀⠀⠀⠀⠀⠀⠀⠀⠀⠀⠀⠀⠀[38;2;225;225;225m⢈⡆⠀⠀⠀⠀⠀⠀⠀⠀⠀⠀⠀⠀⠀⠀⠀⠀⠀⠀⠀⠀⠀⠀⠀⠀⠀⠀⠀⠀⠀⠀⠀⠀⠀⠀⠀⠀⠀⠀⠀⠀⠀⢯⠀⠀⠀⠀⠀⠀⠀⠀⠀⠀⠀⠀⠀⠀⠀⠀⠀⠀⠀⠀⠀[0m
[38;2;255;255;255m[48;2;16;22;28m⠀[38;2;120;160;200m⠙⢹⣟⠂[38;2;225;225;225m⣀⣀⡜⠀⢀⡧⠎[38;2;200;180;160m⡔⠁⠀[38;2;190;190;190m⠈⠙⢦[38;2;225;225;225m⡕⠀⠀⠀⠀⠀⠀⠀⠀⠀⠀⠀[38;2;90;140;90m⠈⠉⢽⠁[38;2;120;160;200m⠈⠀[38;2;255;255;255m[48;2;107;105;101mU[38;2;226;230;239m⠉⠉⠙⠉[38;2;255;255;255mU[38;2;226;230;239m⢙⣯⣩⡍[38;2;255;255;255mU[38;2;226;230;239m⠉⠉⠉⠉[38;2;255;255;255mU[38;2;226;230;239m⠉⠉⡏⠉[38;2;255;255;255mU[38;2;226;230;239m⠉⠉⠉⠉[38;2;255;255;255mU[38;2;226;230;239m⠉⠯⢛⡽[38;2;255;255;255mU[38;2;226;230;239m⠉⠉⡉⡟[38;2;255;255;255mU[38;2;226;230;239m⠉⠉⠉⠉[38;2;255;255;255mU[38;2;226;230;239m⠉⠉⠉⠉[38;2;255;255;255mU[38;2;226;230;239m⠉⠉⡹⠙[38;2;255;255;255mU[38;2;226;230;239m⠉⠉⠉⠉[38;2;255;255;255mU[38;2;226;230;239m⠉⠉⠉⠉[38;2;255;255;255mU[38;2;226;230;239m⠉⠉⠉⠉[38;2;255;255;255mU[38;2;226;230;239m⠉⠉⠉⠉[38;2;255;255;255mU[38;2;226;230;239m⠉⠉⠉⠉[38;2;255;255;255mU[38;2;226;230;239m[48;2;16;22;28m⡇⠀⠀⠀⠀⠀⠀⠀⠀⠀⠀⠀⠀⠀⠀[38;2;225;225;225m⠈⡇⠀⠀⠀⠀⠀⠀⠀⠀⠀⠀⠀⠀⠀⠀⠀⠀⠀⠀⠀⠀[0m
[38;2;225;225;225m[48;2;16;22;28m⠢⠤⠤⡬⠟[38;2;120;160;200m⠇⠀⠀⠀[38;2;225;225;225m⢈⠇⠀[38;2;200;180;160m⣱⠀⠀⠀⠀⠀[38;2;190;190;190m⢷⠀⠀⠀⠀⠀⠀⠀⠀⠀⠀⠀⠀⠀[38;2;90;140;90m⢜⡤⢤⡀[38;2;226;230;239m[48;2;107;105;101m⢸⠀[38;2;255;255;255m⢠⡄⠀⠀⠀⢰⠲⡇⠀⠀⠀⠀⠀⠀⠀⠀[38;2;225;225;225m⢹⣀⡀⠀⠀⠀⠀⠀⠀⠀[38;2;255;255;255m⠈⠁⠈⠶⡼⠈⠀⠀⠀⠀⠀⠀⠀⠀⠀⠀⠀⠀[38;2;225;225;225m⡠⠚⠁⠀⠘⠤⡀⠀⠀⠀⠀⠀⠀⠀⠀⠀⠀⠀⠀⠀⠀⠀⠀⠀⠀⠀⠀⠀⠀⠀[38;2;226;230;239m[48;2;16;22;28m⡇⠀⠀⠀⠀⠀⠀⠀⠀⠀⠀⠀⠀⠀⠀⠀[38;2;225;225;225m⢸⠀⠀⠀⠀⠀⠀⠀⠀⠀⠀⠀⠀⠀⠀⠀⠀⠀⠀⠀⠀[0m
[38;2;255;255;255m[48;2;16;22;28m⠀⠀⠀⠀⠀⠀⠀⠀[38;2;225;225;225m⡰⠁[38;2;200;180;160m⠴⡉⠀⠀⠀⠀⠀⠀[38;2;190;190;190m⠈⡆⠀⠀⠀⠀⠀⠀⠀⠀⠀⠀⠀⠀⠀⠀⠀[38;2;90;140;90m⠓[38;2;226;230;239m[48;2;107;105;101m⢺[38;2;255;255;255m⠦⠟⢺⢆⣄⢰⡞⠃⠙⠁⠀⠀⠀⠀⠀⠀⠀⠀⠀[38;2;225;225;225m⢇⡀⠀⠀⠀⠀⠀⠀⠀⠀⠀⠀⠀⠀⠀[38;2;255;255;255mUNKNOWN⠀⠀⠀[38;2;225;225;225m⢰⠁⠀⠀⠀⠀⠘⠒⠢⡀⠀⠀⠀⠀⠀⠀⠀⠀⠀⠀⠀⠀⠀⠀⠀⠀⠀⠀⠀⠀⠀[38;2;226;230;239m[48;2;16;22;28mU⠀⠀⠀⠀⠀⠀⠀⠀⠀⠀⠀⠀⠀⠀⠀⠀[38;2;225;225;225m⢱⠀⠀⠀⠀⠀⠀⠀⠀⠀⠀⠀⠀⠀⠀⠀⠀⠀⠀⠀[0m
[38;2;255;255;255m[48;2;16;22;28m⠀⠀⠀⠀⠀⠀⠀[38;2;225;225;225m⢀⣇[38;2;200;180;160m⣀⠀⡜⠀⠀⠀⠀⠀⠀⠀[38;2;190;190;190m⠉⣦⠀⠀⠀⠀⠀⠀⠀⠀⠀⠀⠀⠀⠀⠀⠀[38;2;226;230;239m[48;2;107;105;101m⢸⠀⠀⠀⠀[38;2;255;255;255m⠰⠛⠀⠀⠀⠀⠀⠀⠀⠀⠀⠀⠀⠀⠀⠀[38;2;225;225;225m⠋⠉⠑⢄⡀⠀⠀⠀⠀⠀⠀⠀⠀⠀⠀⠀⠀⠀⠀⠀⠀⠀⠀⠀⢸⠀⠀⠀⠀⠀⠀⠀⠀⠘⡄⣀⠀⠀⠀⠀⠀⠀⠀⠀⠀⠀⠀⠀⠀⠀⠀⠀⠀⠀⠀[38;2;226;230;239m[48;2;16;22;28m⡇⠀⠀⠀⠀⠀⠀⠀⠀⠀⠀⠀⠀⠀⠀⠀⠀⠀[38;2;225;225;225m⢱⠀⠀⠀⠀⠀⠀⠀⠀⠀⠀⠀⠀⠀⠀⠀⠀⠀⠀[0m
[38;2;255;255;255m[48;2;16;22;28m⠀⠀⠀⠀⠀⠀⠀[38;2;225;225;225m⣿⠀⠀[38;2;200;180;160m⠉⠁⠀⠀⠀⠀⠀⠀⠀⠀[38;2;190;190;190m⠙⣤⣄⠀⠀⠀⠀⠀⠀⠀⠀⠀⠀[38;2;90;140;90m⣴⠤⠛[38;2;226;230;239m[48;2;107;105;101m⢹[38;2;255;255;255m⡀⠀⠀⠀⠀⠀⠀⠀⠀⠀⠀⠀⠀⠀⠀⠀⠀⠀⠀⠀⠀⠀⠀⠀[38;2;225;225;225m⠈⠒⠼⠑⢢⠀⠀⠀⠀⠀⠀⠀⠀⠀⠀⠀⠀⠀⢠⠔⠁⠀⠀⠀⠀⠀⠀⠀⠀⠀⠉⠚⠤⡀⠀⠀⠀⠀⠀⠀⠀⠀⠀⠀⠀⠀⠀⠀⠀⠀⠀[38;2;226;230;239m[48;2;16;22;28m⡇⠀⠀⠀⠀⠀⠀⠀⠀⠀⠀⠀⠀⠀⠀⠀⠀⠀[38;2;225;225;225m⢨⡂⠀⠀⠀⠀⠀⠀⠀⠀⠀⠀⠀⠀⠀⠀⠀⠀⠀[0m
[38;2;200;200;200m[48;2;16;22;28m├────────────────────┤ 20 km⠀[38;2;255;170;80m14:28Z⠀[38;2;226;230;239mU⠿⡍⠉⠉U⠉⠉⠉⠉U⠉⠉⠉⠉U⠉⠉⠉⠉U⠉⠉⠉⠉U⠉⠉⠉⠙U⠉⠉⠉⢉U⠯⣍⣩⠭U⠋⠙⠋⠉U⠉⠉⠉⠉U⠉⠉⠉⠉U⠉⠉⠻⠽U[38;2;160;160;160mOpenFreeMap (c) OpenMapTiles Data from OpenStreetMap[0m
